(0,2)
(1,2)
(2,2)
(3,2)
(4,4)
(5,0)
(6,0)
(7,2)
(8,4)
(9,4)
(10,2)
(11,2)
(12,0)
(13,0)
(14,2)
(15,2)
(16,4)
(17,4)
(18,2)
(19,2)
(20,0)
(21,2)
(22,2)
(23,3)
(24,1)
(25,2)
(26,0)
(27,4)
(28,2)
(29,2)
(30,4)
(31,4)
(32,2)
(33,2)
(34,0)
(35,4)
(36,4)
(37,4)
(38,2)
(39,2)
(40,2)
(41,0)
(42,2)
(43,4)
(44,0)
(45,0)
(46,0)
(47,2)
(48,0)
(49,4)
(50,4)
(51,0)
(52,2)
(53,2)
(54,4)
(55,4)
(56,0)
(57,3)
(58,2)
(59,2)
(60,2)
(61,0)
(62,2)
(63,0)
(64,4)
(65,3)
(66,2)
(67,0)
(68,4)
(69,4)
(70,2)
(71,2)
(72,3)
(73,2)
(74,2)
(75,3)
(76,4)
(77,4)
(78,0)
(79,0)
(80,2)
(81,0)
(82,4)
(83,0)
(84,2)
(85,0)
(86,2)
(87,3)
(88,4)
(89,2)
(90,2)
(91,1)
(92,2)
(93,2)
(94,2)
(95,4)
(96,4)
(97,2)
(98,4)
(99,4)
(100,0)
(101,2)
(102,2)
(103,0)
(104,2)
(105,3)
(106,1)
(107,2)
(108,1)
(109,0)
(110,2)
(111,0)
(112,0)
(113,2)
(114,4)
(115,2)
(116,0)
(117,2)
(118,4)
(119,2)
(120,0)
(121,4)
(122,1)
(123,3)
(124,2)
(125,0)
(126,0)
(127,4)
(128,3)
(129,3)
(130,2)
(131,4)
(132,0)
(133,1)
(134,4)
(135,2)
(136,2)
(137,2)
(138,4)
(139,4)
(140,4)
(141,0)
(142,2)
(143,2)
(144,2)
(145,2)
(146,2)
(147,4)
(148,0)
(149,4)
(150,2)
(151,0)
(152,2)
(153,4)
(154,2)
(155,1)
(156,0)
(157,2)
(158,0)
(159,0)
(160,3)
(161,2)
(162,1)
(163,4)
(164,4)
(165,2)
(166,4)
(167,2)
(168,1)
(169,2)
(170,1)
(171,3)
(172,0)
(173,4)
(174,0)
(175,2)
(176,3)
(177,2)
(178,2)
(179,2)
(180,4)
(181,4)
(182,4)
(183,2)
(184,0)
(185,4)
(186,2)
(187,4)
(188,0)
(189,2)
(190,2)
(191,2)
(192,2)
(193,2)
(194,2)
(195,4)
(196,0)
(197,4)
(198,4)
(199,2)
(200,2)
(201,2)
(202,3)
(203,2)
(204,4)
(205,2)
(206,2)
(207,2)
(208,2)
(209,0)
(210,1)
(211,2)
(212,0)
(213,4)
(214,2)
(215,2)
(216,0)
(217,4)
(218,2)
(219,2)
(220,1)
(221,0)
(222,2)
(223,3)
(224,2)
(225,4)
(226,4)
(227,4)
(228,2)
(229,2)
(230,4)
(231,4)
(232,2)
(233,4)
(234,2)
(235,2)
(236,4)
(237,4)
(238,2)
(239,0)
(240,2)
(241,2)
(242,2)
(243,4)
(244,2)
(245,2)
(246,3)
(247,2)
(248,3)
(249,2)
(250,4)
(251,0)
(252,2)
(253,4)
(254,4)
(255,4)
(256,0)
(257,1)
(258,4)
(259,0)
(260,2)
(261,4)
(262,0)
(263,4)
(264,4)
(265,2)
(266,2)
(267,3)
(268,1)
(269,0)
(270,2)
(271,4)
(272,2)
(273,2)
(274,4)
(275,2)
(276,4)
(277,4)
(278,3)
(279,0)
(280,1)
(281,2)
(282,4)
(283,4)
(284,4)
(285,4)
(286,2)
(287,1)
(288,0)
(289,4)
(290,0)
(291,2)
(292,4)
(293,0)
(294,2)
(295,3)
(296,2)
(297,2)
(298,0)
(299,1)
(300,4)
(301,2)
(302,2)
(303,4)
(304,2)
(305,2)
(306,2)
(307,0)
(308,1)
(309,2)
(310,4)
(311,4)
(312,0)
(313,2)
(314,2)
(315,2)
(316,1)
(317,2)
(318,0)
(319,4)
(320,2)
(321,4)
(322,4)
(323,2)
(324,2)
(325,4)
(326,2)
(327,0)
(328,0)
(329,1)
(330,0)
(331,4)
(332,4)
(333,2)
(334,0)
(335,2)
(336,2)
(337,4)
(338,2)
(339,2)
(340,2)
(341,3)
(342,2)
(343,4)
(344,3)
(345,3)
(346,4)
(347,2)
(348,4)
(349,2)
(350,2)
(351,4)
(352,3)
(353,1)
(354,2)
(355,2)
(356,4)
(357,2)
(358,4)
(359,2)
(360,0)
(361,2)
(362,4)
(363,4)
(364,4)
(365,2)
(366,0)
(367,0)
(368,0)
(369,2)
(370,2)
(371,2)
(372,3)
(373,2)
(374,0)
(375,2)
(376,2)
(377,2)
(378,2)
(379,2)
(380,0)
(381,3)
(382,4)
(383,4)
(384,3)
(385,2)
(386,0)
(387,4)
(388,4)
(389,2)
(390,1)
(391,0)
(392,2)
(393,4)
(394,0)
(395,2)
(396,4)
(397,4)
(398,0)
(399,2)
(400,2)
(401,0)
(402,2)
(403,2)
(404,2)
(405,0)
(406,4)
(407,2)
(408,4)
(409,2)
(410,0)
(411,4)
(412,4)
(413,0)
(414,2)
(415,2)
(416,2)
(417,2)
(418,4)
(419,0)
(420,2)
(421,0)
(422,2)
(423,2)
(424,0)
(425,2)
(426,2)
(427,2)
(428,2)
(429,2)
(430,2)
(431,2)
(432,2)
(433,4)
(434,0)
(435,0)
(436,2)
(437,1)
(438,2)
(439,2)
(440,4)
(441,4)
(442,1)
(443,2)
(444,2)
(445,0)
(446,4)
(447,2)
(448,2)
(449,2)
(450,2)
(451,4)
(452,1)
(453,1)
(454,3)
(455,4)
(456,1)
(457,4)
(458,4)
(459,0)
(460,0)
(461,0)
(462,4)
(463,4)
(464,2)
(465,4)
(466,4)
(467,1)
(468,1)
(469,4)
(470,0)
(471,2)
(472,4)
(473,2)
(474,2)
(475,4)
(476,4)
(477,0)
(478,4)
(479,0)
(480,2)
(481,4)
(482,2)
(483,4)
(484,0)
(485,2)
(486,2)
(487,2)
(488,1)
(489,2)
(490,1)
(491,2)
(492,0)
(493,0)
(494,0)
(495,4)
(496,2)
(497,0)
(498,4)
(499,2)
(500,2)
(501,0)
(502,2)
(503,2)
(504,0)
(505,0)
(506,3)
(507,2)
(508,3)
(509,0)
(510,0)
(511,0)
(512,2)
(513,0)
(514,2)
(515,2)
(516,2)
(517,2)
(518,2)
(519,2)
(520,4)
(521,4)
(522,4)
(523,4)
(524,2)
(525,4)
(526,2)
(527,2)
(528,4)
(529,4)
(530,4)
(531,2)
(532,2)
(533,3)
(534,4)
(535,2)
(536,0)
(537,4)
(538,0)
(539,4)
(540,2)
(541,3)
(542,2)
(543,4)
(544,2)
(545,2)
(546,4)
(547,2)
(548,1)
(549,0)
(550,4)
(551,4)
(552,4)
(553,2)
(554,2)
(555,4)
(556,2)
(557,2)
(558,1)
(559,4)
(560,0)
(561,2)
(562,2)
(563,4)
(564,3)
(565,2)
(566,0)
(567,2)
(568,4)
(569,0)
(570,2)
(571,0)
(572,2)
(573,2)
(574,2)
(575,1)
(576,4)
(577,2)
(578,2)
(579,0)
(580,4)
(581,0)
(582,2)
(583,0)
(584,2)
(585,3)
(586,2)
(587,3)
(588,0)
(589,2)
(590,2)
(591,2)
(592,3)
(593,2)
(594,4)
(595,4)
(596,0)
(597,0)
(598,1)
(599,0)
(600,2)
(601,4)
(602,2)
(603,3)
(604,2)
(605,2)
(606,2)
(607,2)
(608,2)
(609,0)
(610,2)
(611,0)
(612,2)
(613,2)
(614,2)
(615,4)
(616,0)
(617,4)
(618,2)
(619,4)
(620,2)
(621,4)
(622,0)
(623,1)
(624,4)
(625,4)
(626,4)
(627,4)
(628,2)
(629,2)
(630,2)
(631,2)
(632,3)
(633,1)
(634,0)
(635,0)
(636,2)
(637,2)
(638,4)
(639,2)
(640,4)
(641,2)
(642,1)
(643,2)
(644,4)
(645,4)
(646,3)
(647,1)
(648,2)
(649,4)
(650,4)
(651,3)
(652,4)
(653,2)
(654,3)
(655,1)
(656,2)
(657,2)
(658,2)
(659,2)
(660,3)
(661,2)
(662,0)
(663,2)
(664,2)
(665,2)
(666,2)
(667,4)
(668,0)
(669,1)
(670,2)
(671,4)
(672,4)
(673,2)
(674,4)
(675,0)
(676,4)
(677,2)
(678,4)
(679,4)
(680,2)
(681,0)
(682,1)
(683,4)
(684,4)
(685,0)
(686,4)
(687,2)
(688,4)
(689,2)
(690,2)
(691,2)
(692,2)
(693,3)
(694,2)
(695,2)
(696,2)
(697,2)
(698,0)
(699,4)
(700,2)
(701,0)
(702,2)
(703,2)
(704,2)
(705,2)
(706,2)
(707,2)
(708,4)
(709,2)
(710,3)
(711,0)
(712,2)
(713,2)
(714,0)
(715,3)
(716,1)
(717,4)
(718,2)
(719,2)
(720,0)
(721,4)
(722,3)
(723,2)
(724,0)
(725,4)
(726,0)
(727,2)
(728,2)
(729,4)
(730,4)
(731,0)
(732,0)
(733,3)
(734,0)
(735,2)
(736,4)
(737,4)
(738,4)
(739,2)
(740,2)
(741,4)
(742,4)
(743,3)
(744,4)
(745,4)
(746,2)
(747,4)
(748,2)
(749,4)
(750,4)
(751,3)
(752,2)
(753,4)
(754,1)
(755,2)
(756,4)
(757,2)
(758,2)
(759,0)
(760,2)
(761,2)
(762,4)
(763,0)
(764,2)
(765,4)
(766,2)
(767,0)
(768,2)
(769,2)
(770,2)
(771,0)
(772,3)
(773,2)
(774,0)
(775,4)
(776,2)
(777,3)
(778,4)
(779,4)
(780,0)
(781,2)
(782,0)
(783,2)
(784,3)
(785,0)
(786,2)
(787,2)
(788,2)
(789,0)
(790,4)
(791,2)
(792,0)
(793,1)
(794,2)
(795,1)
(796,4)
(797,2)
(798,0)
(799,4)
(800,2)
(801,2)
(802,0)
(803,2)
(804,2)
(805,0)
(806,2)
(807,2)
(808,1)
(809,0)
(810,0)
(811,0)
(812,1)
(813,4)
(814,2)
(815,2)
(816,3)
(817,3)
(818,4)
(819,2)
(820,1)
(821,4)
(822,2)
(823,0)
(824,2)
(825,4)
(826,2)
(827,0)
(828,3)
(829,0)
(830,3)
(831,4)
(832,4)
(833,2)
(834,2)
(835,3)
(836,4)
(837,2)
(838,4)
(839,4)
(840,3)
(841,1)
(842,3)
(843,0)
(844,2)
(845,4)
(846,4)
(847,4)
(848,2)
(849,4)
(850,4)
(851,2)
(852,4)
(853,2)
(854,2)
(855,2)
(856,0)
(857,2)
(858,0)
(859,2)
(860,4)
(861,2)
(862,4)
(863,2)
(864,4)
(865,2)
(866,2)
(867,4)
(868,2)
(869,0)
(870,2)
(871,2)
(872,2)
(873,3)
(874,2)
(875,0)
(876,0)
(877,4)
(878,2)
(879,4)
(880,4)
(881,0)
(882,2)
(883,2)
(884,2)
(885,4)
(886,2)
(887,2)
(888,0)
(889,1)
(890,1)
(891,2)
(892,1)
(893,2)
(894,2)
(895,4)
(896,2)
(897,4)
(898,0)
(899,2)
(900,1)
(901,2)
(902,0)
(903,1)
(904,2)
(905,0)
(906,4)
(907,2)
(908,0)
(909,2)
(910,2)
(911,2)
(912,4)
(913,2)
(914,2)
(915,2)
(916,0)
(917,4)
(918,4)
(919,2)
(920,2)
(921,2)
(922,4)
(923,2)
(924,4)
(925,2)
(926,0)
(927,1)
(928,4)
(929,4)
(930,3)
(931,0)
(932,2)
(933,4)
(934,2)
(935,0)
(936,4)
(937,2)
(938,4)
(939,4)
(940,4)
(941,2)
(942,2)
(943,4)
(944,0)
(945,4)
(946,2)
(947,0)
(948,2)
(949,0)
(950,4)
(951,4)
(952,2)
(953,4)
(954,4)
(955,2)
(956,0)
(957,3)
(958,2)
(959,3)
(960,0)
(961,3)
(962,1)
(963,1)
(964,1)
(965,3)
(966,0)
(967,0)
(968,4)
(969,4)
(970,4)
(971,0)
(972,4)
(973,0)
(974,0)
(975,2)
(976,3)
(977,4)
(978,2)
(979,2)
(980,2)
(981,0)
(982,4)
(983,4)
(984,2)
(985,2)
(986,2)
(987,2)
(988,3)
(989,2)
(990,0)
(991,4)
(992,0)
(993,3)
(994,2)
(995,0)
(996,4)
(997,4)
(998,0)
(999,1)
(1000,2)
(1001,0)
(1002,0)
(1003,4)
(1004,4)
(1005,4)
(1006,2)
(1007,4)
(1008,0)
(1009,1)
(1010,4)
(1011,4)
(1012,2)
(1013,2)
(1014,4)
(1015,2)
(1016,2)
(1017,1)
(1018,0)
(1019,0)
(1020,2)
(1021,0)
(1022,2)
(1023,1)
(1024,1)
(1025,0)
(1026,0)
(1027,3)
(1028,4)
(1029,2)
(1030,4)
(1031,2)
(1032,1)
(1033,3)
(1034,0)
(1035,4)
(1036,2)
(1037,2)
(1038,2)
(1039,0)
(1040,4)
(1041,4)
(1042,2)
(1043,0)
(1044,4)
(1045,4)
(1046,0)
(1047,0)
(1048,3)
(1049,4)
(1050,2)
(1051,4)
(1052,0)
(1053,2)
(1054,2)
(1055,1)
(1056,2)
(1057,2)
(1058,0)
(1059,2)
(1060,0)
(1061,4)
(1062,0)
(1063,2)
(1064,1)
(1065,0)
(1066,3)
(1067,2)
(1068,2)
(1069,2)
(1070,2)
(1071,2)
(1072,0)
(1073,0)
(1074,2)
(1075,2)
(1076,2)
(1077,0)
(1078,2)
(1079,4)
(1080,2)
(1081,4)
(1082,4)
(1083,4)
(1084,4)
(1085,2)
(1086,2)
(1087,0)
(1088,2)
(1089,4)
(1090,0)
(1091,2)
(1092,1)
(1093,2)
(1094,2)
(1095,2)
(1096,2)
(1097,2)
(1098,2)
(1099,2)
(1100,2)
(1101,0)
(1102,0)
(1103,0)
(1104,0)
(1105,4)
(1106,4)
(1107,4)
(1108,4)
(1109,3)
(1110,2)
(1111,4)
(1112,0)
(1113,2)
(1114,0)
(1115,4)
(1116,0)
(1117,4)
(1118,4)
(1119,0)
(1120,2)
(1121,4)
(1122,2)
(1123,1)
(1124,0)
(1125,2)
(1126,4)
(1127,4)
(1128,0)
(1129,3)
(1130,2)
(1131,2)
(1132,2)
(1133,2)
(1134,4)
(1135,4)
(1136,2)
(1137,2)
(1138,1)
(1139,0)
(1140,4)
(1141,2)
(1142,0)
(1143,4)
(1144,2)
(1145,3)
(1146,4)
(1147,0)
(1148,0)
(1149,2)
(1150,0)
(1151,4)
(1152,2)
(1153,0)
(1154,4)
(1155,0)
(1156,0)
(1157,0)
(1158,2)
(1159,0)
(1160,1)
(1161,4)
(1162,4)
(1163,4)
(1164,4)
(1165,0)
(1166,2)
(1167,4)
(1168,4)
(1169,2)
(1170,4)
(1171,4)
(1172,2)
(1173,2)
(1174,4)
(1175,2)
(1176,2)
(1177,4)
(1178,2)
(1179,2)
(1180,2)
(1181,2)
(1182,0)
(1183,2)
(1184,1)
(1185,0)
(1186,4)
(1187,2)
(1188,2)
(1189,4)
(1190,2)
(1191,2)
(1192,0)
(1193,0)
(1194,3)
(1195,3)
(1196,1)
(1197,0)
(1198,3)
(1199,4)
(1200,2)
(1201,1)
(1202,2)
(1203,4)
(1204,2)
(1205,4)
(1206,0)
(1207,2)
(1208,4)
(1209,3)
(1210,4)
(1211,2)
(1212,4)
(1213,4)
(1214,2)
(1215,0)
(1216,0)
(1217,2)
(1218,4)
(1219,4)
(1220,4)
(1221,0)
(1222,0)
(1223,2)
(1224,2)
(1225,2)
(1226,0)
(1227,4)
(1228,3)
(1229,1)
(1230,4)
(1231,4)
(1232,2)
(1233,4)
(1234,2)
(1235,2)
(1236,2)
(1237,3)
(1238,2)
(1239,2)
(1240,4)
(1241,4)
(1242,2)
(1243,1)
(1244,3)
(1245,2)
(1246,0)
(1247,3)
(1248,4)
(1249,0)
(1250,1)
(1251,2)
(1252,2)
(1253,2)
(1254,0)
(1255,3)
(1256,0)
(1257,3)
(1258,4)
(1259,2)
(1260,2)
(1261,4)
(1262,4)
(1263,2)
(1264,1)
(1265,0)
(1266,2)
(1267,1)
(1268,2)
(1269,2)
(1270,4)
(1271,2)
(1272,1)
(1273,0)
(1274,2)
(1275,2)
(1276,0)
(1277,2)
(1278,4)
(1279,3)
(1280,4)
(1281,1)
(1282,0)
(1283,2)
(1284,2)
(1285,2)
(1286,0)
(1287,2)
(1288,2)
(1289,2)
(1290,4)
(1291,2)
(1292,1)
(1293,0)
(1294,4)
(1295,2)
(1296,0)
(1297,0)
(1298,2)
(1299,2)
(1300,4)
(1301,2)
(1302,2)
(1303,2)
(1304,2)
(1305,2)
(1306,2)
(1307,4)
(1308,2)
(1309,0)
(1310,2)
(1311,4)
(1312,0)
(1313,4)
(1314,2)
(1315,2)
(1316,2)
(1317,0)
(1318,2)
(1319,3)
(1320,2)
(1321,2)
(1322,0)
(1323,2)
(1324,3)
(1325,2)
(1326,0)
(1327,1)
(1328,2)
(1329,1)
(1330,0)
(1331,1)
(1332,4)
(1333,0)
(1334,4)
(1335,4)
(1336,2)
(1337,2)
(1338,2)
(1339,4)
(1340,2)
(1341,2)
(1342,4)
(1343,2)
(1344,1)
(1345,2)
(1346,2)
(1347,0)
(1348,3)
(1349,2)
(1350,4)
(1351,2)
(1352,1)
(1353,2)
(1354,2)
(1355,3)
(1356,3)
(1357,2)
(1358,3)
(1359,0)
(1360,4)
(1361,2)
(1362,4)
(1363,0)
(1364,1)
(1365,0)
(1366,1)
(1367,4)
(1368,2)
(1369,4)
(1370,4)
(1371,4)
(1372,4)
(1373,2)
(1374,2)
(1375,2)
(1376,2)
(1377,4)
(1378,2)
(1379,0)
(1380,2)
(1381,2)
(1382,2)
(1383,4)
(1384,2)
(1385,4)
(1386,3)
(1387,4)
(1388,0)
(1389,2)
(1390,0)
(1391,4)
(1392,2)
(1393,2)
(1394,2)
(1395,3)
(1396,2)
(1397,2)
(1398,2)
(1399,4)
(1400,2)
(1401,4)
(1402,4)
(1403,2)
(1404,2)
(1405,1)
(1406,2)
(1407,2)
(1408,4)
(1409,4)
(1410,0)
(1411,2)
(1412,1)
(1413,2)
(1414,1)
(1415,0)
(1416,3)
(1417,4)
(1418,2)
(1419,4)
(1420,3)
(1421,0)
(1422,4)
(1423,2)
(1424,2)
(1425,0)
(1426,2)
(1427,1)
(1428,2)
(1429,4)
(1430,0)
(1431,4)
(1432,4)
(1433,2)
(1434,4)
(1435,2)
(1436,2)
(1437,4)
(1438,2)
(1439,3)
(1440,2)
(1441,0)
(1442,2)
(1443,4)
(1444,2)
(1445,0)
(1446,3)
(1447,2)
(1448,2)
(1449,3)
(1450,4)
(1451,2)
(1452,2)
(1453,0)
(1454,3)
(1455,4)
(1456,4)
(1457,2)
(1458,2)
(1459,0)
(1460,4)
(1461,4)
(1462,2)
(1463,4)
(1464,4)
(1465,3)
(1466,0)
(1467,0)
(1468,2)
(1469,4)
(1470,4)
(1471,4)
(1472,0)
(1473,0)
(1474,2)
(1475,3)
(1476,2)
(1477,2)
(1478,0)
(1479,0)
(1480,3)
(1481,4)
(1482,4)
(1483,0)
(1484,4)
(1485,2)
(1486,2)
(1487,4)
(1488,2)
(1489,2)
(1490,0)
(1491,0)
(1492,4)
(1493,2)
(1494,3)
(1495,0)
(1496,4)
(1497,0)
(1498,0)
(1499,2)
(1500,3)
(1501,4)
(1502,2)
(1503,2)
(1504,0)
(1505,2)
(1506,2)
(1507,0)
(1508,4)
(1509,0)
(1510,4)
(1511,0)
(1512,4)
(1513,0)
(1514,4)
(1515,0)
(1516,4)
(1517,0)
(1518,0)
(1519,2)
(1520,1)
(1521,2)
(1522,3)
(1523,4)
(1524,4)
(1525,0)
(1526,4)
(1527,4)
(1528,0)
(1529,0)
(1530,0)
(1531,0)
(1532,0)
(1533,4)
(1534,2)
(1535,2)
(1536,2)
(1537,0)
(1538,0)
(1539,2)
(1540,4)
(1541,2)
(1542,1)
(1543,0)
(1544,2)
(1545,2)
(1546,2)
(1547,0)
(1548,2)
(1549,4)
(1550,2)
(1551,0)
(1552,0)
(1553,2)
(1554,1)
(1555,4)
(1556,4)
(1557,0)
(1558,0)
(1559,0)
(1560,4)
(1561,2)
(1562,1)
(1563,0)
(1564,2)
(1565,0)
(1566,2)
(1567,4)
(1568,2)
(1569,0)
(1570,0)
(1571,0)
(1572,0)
(1573,0)
(1574,2)
(1575,0)
(1576,4)
(1577,4)
(1578,0)
(1579,2)
(1580,1)
(1581,2)
(1582,2)
(1583,2)
(1584,0)
(1585,4)
(1586,4)
(1587,0)
(1588,0)
(1589,2)
(1590,2)
(1591,0)
(1592,3)
(1593,2)
(1594,4)
(1595,2)
(1596,4)
(1597,2)
(1598,2)
(1599,0)
(1600,2)
(1601,0)
(1602,2)
(1603,2)
(1604,2)
(1605,4)
(1606,4)
(1607,0)
(1608,2)
(1609,2)
(1610,1)
(1611,2)
(1612,2)
(1613,4)
(1614,3)
(1615,3)
(1616,0)
(1617,2)
(1618,0)
(1619,2)
(1620,3)
(1621,0)
(1622,3)
(1623,2)
(1624,2)
(1625,4)
(1626,0)
(1627,4)
(1628,0)
(1629,0)
(1630,1)
(1631,4)
(1632,0)
(1633,2)
(1634,2)
(1635,2)
(1636,3)
(1637,4)
(1638,2)
(1639,2)
(1640,2)
(1641,1)
(1642,2)
(1643,2)
(1644,0)
(1645,0)
(1646,2)
(1647,3)
(1648,4)
(1649,2)
(1650,1)
(1651,0)
(1652,0)
(1653,0)
(1654,0)
(1655,3)
(1656,4)
(1657,2)
(1658,0)
(1659,2)
(1660,3)
(1661,2)
(1662,4)
(1663,1)
(1664,2)
(1665,4)
(1666,2)
(1667,2)
(1668,0)
(1669,1)
(1670,0)
(1671,2)
(1672,0)
(1673,2)
(1674,4)
(1675,2)
(1676,2)
(1677,2)
(1678,0)
(1679,2)
(1680,4)
(1681,1)
(1682,0)
(1683,0)
(1684,4)
(1685,4)
(1686,1)
(1687,4)
(1688,0)
(1689,4)
(1690,0)
(1691,2)
(1692,0)
(1693,1)
(1694,2)
(1695,0)
(1696,2)
(1697,2)
(1698,4)
(1699,0)
(1700,3)
(1701,2)
(1702,4)
(1703,4)
(1704,4)
(1705,4)
(1706,2)
(1707,2)
(1708,0)
(1709,4)
(1710,2)
(1711,4)
(1712,2)
(1713,0)
(1714,1)
(1715,2)
(1716,2)
(1717,0)
(1718,2)
(1719,0)
(1720,4)
(1721,2)
(1722,2)
(1723,2)
(1724,2)
(1725,4)
(1726,1)
(1727,1)
(1728,4)
(1729,3)
(1730,0)
(1731,2)
(1732,0)
(1733,3)
(1734,3)
(1735,2)
(1736,4)
(1737,4)
(1738,4)
(1739,2)
(1740,2)
(1741,3)
(1742,2)
(1743,2)
(1744,2)
(1745,4)
(1746,4)
(1747,4)
(1748,2)
(1749,2)
(1750,4)
(1751,0)
(1752,3)
(1753,2)
(1754,2)
(1755,4)
(1756,4)
(1757,4)
(1758,4)
(1759,0)
(1760,0)
(1761,2)
(1762,0)
(1763,2)
(1764,4)
(1765,4)
(1766,4)
(1767,0)
(1768,2)
(1769,0)
(1770,2)
(1771,0)
(1772,4)
(1773,4)
(1774,2)
(1775,0)
(1776,3)
(1777,2)
(1778,2)
(1779,2)
(1780,2)
(1781,2)
(1782,2)
(1783,4)
(1784,1)
(1785,4)
(1786,2)
(1787,4)
(1788,2)
(1789,4)
(1790,2)
(1791,2)
(1792,2)
(1793,0)
(1794,0)
(1795,2)
(1796,1)
(1797,2)
(1798,0)
(1799,4)
(1800,3)
(1801,1)
(1802,3)
(1803,4)
(1804,4)
(1805,4)
(1806,3)
(1807,4)
(1808,0)
(1809,0)
(1810,2)
(1811,2)
(1812,2)
(1813,4)
(1814,2)
(1815,0)
(1816,3)
(1817,2)
(1818,2)
(1819,2)
(1820,4)
(1821,3)
(1822,4)
(1823,2)
(1824,4)
(1825,4)
(1826,3)
(1827,4)
(1828,2)
(1829,0)
(1830,0)
(1831,0)
(1832,3)
(1833,4)
(1834,2)
(1835,2)
(1836,2)
(1837,2)
(1838,2)
(1839,0)
(1840,0)
(1841,2)
(1842,4)
(1843,4)
(1844,2)
(1845,2)
(1846,4)
(1847,2)
(1848,2)
(1849,0)
(1850,4)
(1851,4)
(1852,2)
(1853,0)
(1854,0)
(1855,3)
(1856,2)
(1857,4)
(1858,2)
(1859,2)
(1860,2)
(1861,3)
(1862,0)
(1863,2)
(1864,4)
(1865,3)
(1866,0)
(1867,4)
(1868,4)
(1869,4)
(1870,4)
(1871,4)
(1872,4)
(1873,3)
(1874,4)
(1875,0)
(1876,4)
(1877,1)
(1878,4)
(1879,4)
(1880,2)
(1881,2)
(1882,0)
(1883,4)
(1884,3)
(1885,1)
(1886,4)
(1887,2)
(1888,0)
(1889,2)
(1890,4)
(1891,0)
(1892,4)
(1893,2)
(1894,2)
(1895,2)
(1896,2)
(1897,2)
(1898,2)
(1899,4)
(1900,2)
(1901,4)
(1902,4)
(1903,4)
(1904,2)
(1905,2)
(1906,4)
(1907,0)
(1908,2)
(1909,2)
(1910,4)
(1911,0)
(1912,0)
(1913,4)
(1914,4)
(1915,2)
(1916,3)
(1917,2)
(1918,0)
(1919,0)
(1920,4)
(1921,0)
(1922,0)
(1923,4)
(1924,1)
(1925,2)
(1926,2)
(1927,4)
(1928,0)
(1929,2)
(1930,0)
(1931,4)
(1932,0)
(1933,4)
(1934,2)
(1935,4)
(1936,0)
(1937,2)
(1938,2)
(1939,3)
(1940,1)
(1941,2)
(1942,2)
(1943,2)
(1944,2)
(1945,2)
(1946,2)
(1947,4)
(1948,4)
(1949,1)
(1950,3)
(1951,2)
(1952,2)
(1953,3)
(1954,2)
(1955,2)
(1956,0)
(1957,2)
(1958,2)
(1959,0)
(1960,2)
(1961,4)
(1962,0)
(1963,2)
(1964,1)
(1965,4)
(1966,4)
(1967,4)
(1968,2)
(1969,2)
(1970,2)
(1971,4)
(1972,0)
(1973,2)
(1974,2)
(1975,2)
(1976,2)
(1977,4)
(1978,2)
(1979,2)
(1980,0)
(1981,4)
(1982,2)
(1983,0)
(1984,2)
(1985,0)
(1986,2)
(1987,2)
(1988,4)
(1989,2)
(1990,2)
(1991,2)
(1992,4)
(1993,2)
(1994,3)
(1995,2)
(1996,2)
(1997,0)
(1998,4)
(1999,0)
(2000,4)
(2001,4)
(2002,2)
(2003,2)
(2004,0)
(2005,2)
(2006,1)
(2007,2)
(2008,2)
(2009,0)
(2010,2)
(2011,2)
(2012,4)
(2013,2)
(2014,2)
(2015,2)
(2016,0)
(2017,2)
(2018,2)
(2019,2)
(2020,0)
(2021,2)
(2022,2)
(2023,2)
(2024,1)
(2025,4)
(2026,0)
(2027,2)
(2028,3)
(2029,2)
(2030,0)
(2031,2)
(2032,2)
(2033,2)
(2034,2)
(2035,2)
(2036,2)
(2037,4)
(2038,0)
(2039,2)
(2040,0)
(2041,2)
(2042,4)
(2043,1)
(2044,2)
(2045,0)
(2046,0)
(2047,1)
(2048,3)
(2049,0)
(2050,4)
(2051,4)
(2052,2)
(2053,1)
(2054,3)
(2055,2)
(2056,2)
(2057,2)
(2058,4)
(2059,2)
(2060,0)
(2061,0)
(2062,4)
(2063,4)
(2064,0)
(2065,3)
(2066,1)
(2067,1)
(2068,2)
(2069,2)
(2070,2)
(2071,3)
(2072,2)
(2073,3)
(2074,4)
(2075,2)
(2076,2)
(2077,0)
(2078,1)
(2079,2)
(2080,1)
(2081,2)
(2082,2)
(2083,2)
(2084,4)
(2085,0)
(2086,2)
(2087,4)
(2088,0)
(2089,4)
(2090,1)
(2091,4)
(2092,0)
(2093,4)
(2094,4)
(2095,4)
(2096,2)
(2097,4)
(2098,2)
(2099,4)
(2100,4)
(2101,2)
(2102,2)
(2103,0)
(2104,0)
(2105,0)
(2106,0)
(2107,3)
(2108,2)
(2109,2)
(2110,0)
(2111,2)
(2112,0)
(2113,2)
(2114,0)
(2115,2)
(2116,1)
(2117,2)
(2118,2)
(2119,4)
(2120,4)
(2121,2)
(2122,2)
(2123,4)
(2124,0)
(2125,4)
(2126,4)
(2127,2)
(2128,2)
(2129,2)
(2130,2)
(2131,2)
(2132,0)
(2133,2)
(2134,2)
(2135,2)
(2136,2)
(2137,0)
(2138,2)
(2139,4)
(2140,2)
(2141,1)
(2142,2)
(2143,2)
(2144,4)
(2145,4)
(2146,2)
(2147,4)
(2148,0)
(2149,4)
(2150,0)
(2151,2)
(2152,0)
(2153,0)
(2154,4)
(2155,4)
(2156,1)
(2157,2)
(2158,3)
(2159,2)
(2160,4)
(2161,4)
(2162,4)
(2163,0)
(2164,2)
(2165,0)
(2166,4)
(2167,0)
(2168,2)
(2169,2)
(2170,0)
(2171,2)
(2172,0)
(2173,4)
(2174,4)
(2175,3)
(2176,2)
(2177,0)
(2178,2)
(2179,0)
(2180,2)
(2181,4)
(2182,2)
(2183,2)
(2184,2)
(2185,0)
(2186,2)
(2187,4)
(2188,0)
(2189,1)
(2190,4)
(2191,2)
(2192,3)
(2193,2)
(2194,0)
(2195,4)
(2196,0)
(2197,1)
(2198,2)
(2199,2)
(2200,0)
(2201,2)
(2202,3)
(2203,4)
(2204,0)
(2205,2)
(2206,1)
(2207,4)
(2208,3)
(2209,2)
(2210,2)
(2211,4)
(2212,3)
(2213,2)
(2214,2)
(2215,2)
(2216,3)
(2217,2)
(2218,2)
(2219,2)
(2220,0)
(2221,2)
(2222,1)
(2223,2)
(2224,4)
(2225,2)
(2226,2)
(2227,2)
(2228,2)
(2229,2)
(2230,2)
(2231,2)
(2232,0)
(2233,4)
(2234,4)
(2235,2)
(2236,3)
(2237,2)
(2238,0)
(2239,4)
(2240,2)
(2241,4)
(2242,2)
(2243,4)
(2244,4)
(2245,2)
(2246,2)
(2247,2)
(2248,2)
(2249,4)
(2250,4)
(2251,0)
(2252,2)
(2253,4)
(2254,4)
(2255,2)
(2256,2)
(2257,3)
(2258,0)
(2259,2)
(2260,2)
(2261,2)
(2262,2)
(2263,2)
(2264,2)
(2265,2)
(2266,3)
(2267,4)
(2268,0)
(2269,2)
(2270,2)
(2271,4)
(2272,3)
(2273,2)
(2274,4)
(2275,1)
(2276,3)
(2277,4)
(2278,4)
(2279,4)
(2280,2)
(2281,0)
(2282,2)
(2283,3)
(2284,2)
(2285,1)
(2286,0)
(2287,4)
(2288,2)
(2289,2)
(2290,2)
(2291,0)
(2292,4)
(2293,2)
(2294,0)
(2295,4)
(2296,4)
(2297,3)
(2298,2)
(2299,2)
(2300,4)
(2301,3)
(2302,2)
(2303,2)
(2304,4)
(2305,2)
(2306,2)
(2307,2)
(2308,0)
(2309,2)
(2310,0)
(2311,0)
(2312,2)
(2313,4)
(2314,0)
(2315,4)
(2316,0)
(2317,2)
(2318,4)
(2319,2)
(2320,0)
(2321,2)
(2322,1)
(2323,4)
(2324,0)
(2325,3)
(2326,0)
(2327,2)
(2328,2)
(2329,4)
(2330,4)
(2331,3)
(2332,2)
(2333,4)
(2334,2)
(2335,4)
(2336,2)
(2337,3)
(2338,2)
(2339,0)
(2340,4)
(2341,0)
(2342,4)
(2343,3)
(2344,0)
(2345,4)
(2346,2)
(2347,4)
(2348,2)
(2349,2)
(2350,2)
(2351,2)
(2352,0)
(2353,3)
(2354,2)
(2355,4)
(2356,2)
(2357,4)
(2358,0)
(2359,1)
(2360,2)
(2361,4)
(2362,2)
(2363,4)
(2364,0)
(2365,2)
(2366,0)
(2367,0)
(2368,2)
(2369,2)
(2370,2)
(2371,2)
(2372,0)
(2373,3)
(2374,0)
(2375,3)
(2376,4)
(2377,2)
(2378,2)
(2379,1)
(2380,4)
(2381,3)
(2382,4)
(2383,0)
(2384,1)
(2385,2)
(2386,2)
(2387,4)
(2388,0)
(2389,0)
(2390,4)
(2391,2)
(2392,4)
(2393,2)
(2394,2)
(2395,4)
(2396,2)
(2397,4)
(2398,0)
(2399,0)
(2400,0)
(2401,3)
(2402,2)
(2403,2)
(2404,4)
(2405,4)
(2406,0)
(2407,2)
(2408,2)
(2409,2)
(2410,2)
(2411,2)
(2412,2)
(2413,1)
(2414,2)
(2415,2)
(2416,2)
(2417,4)
(2418,0)
(2419,2)
(2420,0)
(2421,0)
(2422,2)
(2423,4)
(2424,4)
(2425,4)
(2426,4)
(2427,3)
(2428,2)
(2429,0)
(2430,2)
(2431,2)
(2432,3)
(2433,4)
(2434,4)
(2435,4)
(2436,2)
(2437,2)
(2438,0)
(2439,4)
(2440,4)
(2441,0)
(2442,3)
(2443,2)
(2444,2)
(2445,2)
(2446,0)
(2447,2)
(2448,2)
(2449,1)
(2450,2)
(2451,0)
(2452,0)
(2453,2)
(2454,0)
(2455,2)
(2456,2)
(2457,0)
(2458,2)
(2459,2)
(2460,0)
(2461,2)
(2462,2)
(2463,2)
(2464,4)
(2465,2)
(2466,2)
(2467,0)
(2468,0)
(2469,4)
(2470,2)
(2471,4)
(2472,4)
(2473,0)
(2474,0)
(2475,4)
(2476,2)
(2477,2)
(2478,4)
(2479,0)
(2480,0)
(2481,4)
(2482,3)
(2483,4)
(2484,1)
(2485,2)
(2486,3)
(2487,4)
(2488,0)
(2489,2)
(2490,2)
(2491,2)
(2492,4)
(2493,0)
(2494,0)
(2495,0)
(2496,0)
(2497,2)
(2498,2)
(2499,3)
(2500,1)
(2501,0)
(2502,3)
(2503,3)
(2504,4)
(2505,3)
(2506,0)
(2507,4)
(2508,1)
(2509,0)
(2510,2)
(2511,2)
(2512,4)
(2513,1)
(2514,4)
(2515,4)
(2516,2)
(2517,4)
(2518,4)
(2519,2)
(2520,4)
(2521,0)
(2522,4)
(2523,0)
(2524,2)
(2525,3)
(2526,2)
(2527,2)
(2528,4)
(2529,2)
(2530,2)
(2531,2)
(2532,4)
(2533,4)
(2534,2)
(2535,1)
(2536,4)
(2537,2)
(2538,0)
(2539,1)
(2540,2)
(2541,2)
(2542,4)
(2543,2)
(2544,4)
(2545,4)
(2546,4)
(2547,4)
(2548,0)
(2549,2)
(2550,2)
(2551,2)
(2552,1)
(2553,4)
(2554,2)
(2555,4)
(2556,0)
(2557,2)
(2558,4)
(2559,2)
(2560,2)
(2561,4)
(2562,4)
(2563,4)
(2564,2)
(2565,4)
(2566,0)
(2567,2)
(2568,2)
(2569,2)
(2570,4)
(2571,4)
(2572,4)
(2573,0)
(2574,4)
(2575,2)
(2576,2)
(2577,2)
(2578,0)
(2579,0)
(2580,3)
(2581,2)
(2582,1)
(2583,2)
(2584,4)
(2585,4)
(2586,2)
(2587,2)
(2588,3)
(2589,0)
(2590,2)
(2591,4)
(2592,4)
(2593,2)
(2594,3)
(2595,4)
(2596,0)
(2597,2)
(2598,1)
(2599,3)
(2600,4)
(2601,2)
(2602,2)
(2603,4)
(2604,0)
(2605,3)
(2606,2)
(2607,0)
(2608,0)
(2609,3)
(2610,2)
(2611,2)
(2612,4)
(2613,2)
(2614,1)
(2615,4)
(2616,1)
(2617,1)
(2618,2)
(2619,4)
(2620,2)
(2621,1)
(2622,4)
(2623,4)
(2624,2)
(2625,4)
(2626,2)
(2627,2)
(2628,2)
(2629,4)
(2630,2)
(2631,4)
(2632,0)
(2633,2)
(2634,2)
(2635,1)
(2636,2)
(2637,2)
(2638,3)
(2639,4)
(2640,1)
(2641,1)
(2642,2)
(2643,3)
(2644,2)
(2645,4)
(2646,4)
(2647,0)
(2648,3)
(2649,4)
(2650,2)
(2651,2)
(2652,2)
(2653,2)
(2654,0)
(2655,0)
(2656,4)
(2657,0)
(2658,0)
(2659,3)
(2660,2)
(2661,1)
(2662,0)
(2663,2)
(2664,3)
(2665,4)
(2666,4)
(2667,2)
(2668,2)
(2669,0)
(2670,2)
(2671,2)
(2672,2)
(2673,2)
(2674,0)
(2675,0)
(2676,2)
(2677,2)
(2678,2)
(2679,4)
(2680,2)
(2681,2)
(2682,2)
(2683,0)
(2684,2)
(2685,2)
(2686,3)
(2687,2)
(2688,2)
(2689,4)
(2690,4)
(2691,2)
(2692,0)
(2693,1)
(2694,4)
(2695,0)
(2696,2)
(2697,2)
(2698,2)
(2699,2)
(2700,2)
(2701,2)
(2702,2)
(2703,2)
(2704,0)
(2705,4)
(2706,2)
(2707,3)
(2708,2)
(2709,2)
(2710,4)
(2711,2)
(2712,2)
(2713,4)
(2714,2)
(2715,4)
(2716,2)
(2717,2)
(2718,4)
(2719,2)
(2720,2)
(2721,0)
(2722,1)
(2723,0)
(2724,4)
(2725,0)
(2726,0)
(2727,2)
(2728,0)
(2729,0)
(2730,4)
(2731,0)
(2732,2)
(2733,4)
(2734,0)
(2735,2)
(2736,0)
(2737,2)
(2738,2)
(2739,2)
(2740,2)
(2741,2)
(2742,2)
(2743,2)
(2744,4)
(2745,0)
(2746,4)
(2747,3)
(2748,2)
(2749,4)
(2750,2)
(2751,4)
(2752,2)
(2753,2)
(2754,2)
(2755,2)
(2756,2)
(2757,0)
(2758,2)
(2759,3)
(2760,3)
(2761,4)
(2762,4)
(2763,0)
(2764,3)
(2765,2)
(2766,2)
(2767,2)
(2768,2)
(2769,2)
(2770,1)
(2771,2)
(2772,4)
(2773,4)
(2774,0)
(2775,2)
(2776,2)
(2777,1)
(2778,2)
(2779,0)
(2780,4)
(2781,4)
(2782,4)
(2783,2)
(2784,4)
(2785,2)
(2786,4)
(2787,2)
(2788,0)
(2789,2)
(2790,4)
(2791,2)
(2792,2)
(2793,0)
(2794,1)
(2795,2)
(2796,2)
(2797,4)
(2798,4)
(2799,2)
(2800,2)
(2801,0)
(2802,2)
(2803,2)
(2804,3)
(2805,2)
(2806,4)
(2807,2)
(2808,3)
(2809,2)
(2810,0)
(2811,2)
(2812,4)
(2813,4)
(2814,2)
(2815,2)
(2816,4)
(2817,3)
(2818,0)
(2819,4)
(2820,3)
(2821,2)
(2822,2)
(2823,1)
(2824,4)
(2825,2)
(2826,0)
(2827,0)
(2828,2)
(2829,3)
(2830,4)
(2831,4)
(2832,0)
(2833,0)
(2834,4)
(2835,2)
(2836,0)
(2837,2)
(2838,4)
(2839,2)
(2840,0)
(2841,0)
(2842,2)
(2843,1)
(2844,4)
(2845,2)
(2846,0)
(2847,4)
(2848,2)
(2849,0)
(2850,2)
(2851,2)
(2852,2)
(2853,2)
(2854,0)
(2855,4)
(2856,2)
(2857,4)
(2858,2)
(2859,0)
(2860,0)
(2861,0)
(2862,0)
(2863,4)
(2864,4)
(2865,2)
(2866,4)
(2867,0)
(2868,2)
(2869,4)
(2870,2)
(2871,1)
(2872,4)
(2873,2)
(2874,2)
(2875,3)
(2876,2)
(2877,1)
(2878,2)
(2879,0)
(2880,0)
(2881,4)
(2882,4)
(2883,4)
(2884,4)
(2885,2)
(2886,2)
(2887,1)
(2888,4)
(2889,4)
(2890,2)
(2891,2)
(2892,2)
(2893,2)
(2894,0)
(2895,1)
(2896,4)
(2897,2)
(2898,0)
(2899,0)
(2900,4)
(2901,1)
(2902,2)
(2903,2)
(2904,2)
(2905,2)
(2906,1)
(2907,1)
(2908,2)
(2909,0)
(2910,4)
(2911,0)
(2912,2)
(2913,4)
(2914,2)
(2915,2)
(2916,4)
(2917,4)
(2918,0)
(2919,0)
(2920,4)
(2921,2)
(2922,3)
(2923,3)
(2924,2)
(2925,2)
(2926,3)
(2927,0)
(2928,1)
(2929,2)
(2930,2)
(2931,0)
(2932,1)
(2933,3)
(2934,4)
(2935,0)
(2936,2)
(2937,2)
(2938,4)
(2939,2)
(2940,1)
(2941,2)
(2942,2)
(2943,1)
(2944,4)
(2945,4)
(2946,2)
(2947,4)
(2948,4)
(2949,4)
(2950,0)
(2951,4)
(2952,4)
(2953,2)
(2954,2)
(2955,0)
(2956,4)
(2957,0)
(2958,2)
(2959,2)
(2960,0)
(2961,3)
(2962,4)
(2963,2)
(2964,2)
(2965,4)
(2966,2)
(2967,4)
(2968,0)
(2969,3)
(2970,0)
(2971,2)
(2972,4)
(2973,2)
(2974,2)
(2975,2)
(2976,0)
(2977,0)
(2978,3)
(2979,2)
(2980,1)
(2981,1)
(2982,0)
(2983,4)
(2984,0)
(2985,2)
(2986,1)
(2987,2)
(2988,2)
(2989,0)
(2990,2)
(2991,2)
(2992,3)
(2993,4)
(2994,2)
(2995,2)
(2996,2)
(2997,2)
(2998,0)
(2999,0)
(3000,2)
(3001,2)
(3002,4)
(3003,0)
(3004,2)
(3005,2)
(3006,4)
(3007,2)
(3008,4)
(3009,4)
(3010,0)
(3011,4)
(3012,0)
(3013,4)
(3014,0)
(3015,2)
(3016,4)
(3017,2)
(3018,4)
(3019,0)
(3020,2)
(3021,2)
(3022,0)
(3023,2)
(3024,3)
(3025,3)
(3026,0)
(3027,4)
(3028,2)
(3029,3)
(3030,0)
(3031,0)
(3032,4)
(3033,4)
(3034,4)
(3035,3)
(3036,2)
(3037,2)
(3038,4)
(3039,2)
(3040,0)
(3041,2)
(3042,1)
(3043,4)
(3044,2)
(3045,2)
(3046,3)
(3047,4)
(3048,0)
(3049,0)
(3050,0)
(3051,2)
(3052,4)
(3053,2)
(3054,2)
(3055,0)
(3056,1)
(3057,3)
(3058,4)
(3059,4)
(3060,4)
(3061,4)
(3062,2)
(3063,2)
(3064,2)
(3065,0)
(3066,2)
(3067,0)
(3068,2)
(3069,2)
(3070,2)
(3071,3)
(3072,0)
(3073,2)
(3074,0)
(3075,2)
(3076,0)
(3077,4)
(3078,2)
(3079,3)
(3080,2)
(3081,2)
(3082,0)
(3083,2)
(3084,3)
(3085,2)
(3086,2)
(3087,2)
(3088,0)
(3089,3)
(3090,2)
(3091,0)
(3092,2)
(3093,2)
(3094,0)
(3095,4)
(3096,1)
(3097,4)
(3098,0)
(3099,2)
(3100,4)
(3101,4)
(3102,2)
(3103,1)
(3104,2)
(3105,2)
(3106,3)
(3107,0)
(3108,1)
(3109,2)
(3110,0)
(3111,2)
(3112,2)
(3113,0)
(3114,2)
(3115,2)
(3116,0)
(3117,2)
(3118,0)
(3119,2)
(3120,2)
(3121,2)
(3122,2)
(3123,3)
(3124,0)
(3125,4)
(3126,2)
(3127,2)
(3128,2)
(3129,2)
(3130,1)
(3131,0)
(3132,4)
(3133,2)
(3134,2)
(3135,4)
(3136,2)
(3137,2)
(3138,0)
(3139,4)
(3140,0)
(3141,3)
(3142,2)
(3143,2)
(3144,2)
(3145,2)
(3146,3)
(3147,0)
(3148,2)
(3149,2)
(3150,0)
(3151,2)
(3152,1)
(3153,4)
(3154,2)
(3155,4)
(3156,3)
(3157,4)
(3158,4)
(3159,2)
(3160,4)
(3161,3)
(3162,2)
(3163,4)
(3164,2)
(3165,0)
(3166,2)
(3167,2)
(3168,4)
(3169,2)
(3170,2)
(3171,3)
(3172,0)
(3173,2)
(3174,0)
(3175,3)
(3176,2)
(3177,2)
(3178,3)
(3179,2)
(3180,0)
(3181,2)
(3182,4)
(3183,2)
(3184,4)
(3185,0)
(3186,4)
(3187,4)
(3188,4)
(3189,4)
(3190,0)
(3191,2)
(3192,2)
(3193,2)
(3194,1)
(3195,0)
(3196,3)
(3197,4)
(3198,0)
(3199,4)
(3200,4)
(3201,2)
(3202,2)
(3203,2)
(3204,4)
(3205,0)
(3206,2)
(3207,4)
(3208,2)
(3209,4)
(3210,2)
(3211,2)
(3212,4)
(3213,2)
(3214,4)
(3215,4)
(3216,2)
(3217,0)
(3218,0)
(3219,2)
(3220,4)
(3221,4)
(3222,4)
(3223,2)
(3224,2)
(3225,4)
(3226,2)
(3227,0)
(3228,2)
(3229,1)
(3230,2)
(3231,2)
(3232,3)
(3233,4)
(3234,4)
(3235,4)
(3236,4)
(3237,0)
(3238,4)
(3239,0)
(3240,4)
(3241,4)
(3242,4)
(3243,2)
(3244,0)
(3245,2)
(3246,0)
(3247,0)
(3248,2)
(3249,0)
(3250,0)
(3251,0)
(3252,2)
(3253,1)
(3254,2)
(3255,0)
(3256,4)
(3257,4)
(3258,2)
(3259,2)
(3260,4)
(3261,0)
(3262,1)
(3263,0)
(3264,4)
(3265,2)
(3266,0)
(3267,2)
(3268,2)
(3269,2)
(3270,2)
(3271,2)
(3272,2)
(3273,0)
(3274,4)
(3275,2)
(3276,2)
(3277,2)
(3278,0)
(3279,2)
(3280,2)
(3281,2)
(3282,2)
(3283,2)
(3284,4)
(3285,2)
(3286,4)
(3287,0)
(3288,4)
(3289,4)
(3290,0)
(3291,2)
(3292,2)
(3293,2)
(3294,2)
(3295,1)
(3296,2)
(3297,2)
(3298,1)
(3299,2)
(3300,0)
(3301,2)
(3302,0)
(3303,1)
(3304,2)
(3305,0)
(3306,4)
(3307,2)
(3308,3)
(3309,2)
(3310,4)
(3311,0)
(3312,2)
(3313,0)
(3314,4)
(3315,0)
(3316,2)
(3317,4)
(3318,2)
(3319,2)
(3320,2)
(3321,4)
(3322,2)
(3323,4)
(3324,3)
(3325,2)
(3326,0)
(3327,2)
(3328,4)
(3329,4)
(3330,2)
(3331,2)
(3332,2)
(3333,4)
(3334,2)
(3335,2)
(3336,2)
(3337,2)
(3338,2)
(3339,2)
(3340,2)
(3341,2)
(3342,4)
(3343,4)
(3344,2)
(3345,3)
(3346,2)
(3347,4)
(3348,4)
(3349,2)
(3350,2)
(3351,4)
(3352,2)
(3353,0)
(3354,0)
(3355,0)
(3356,2)
(3357,2)
(3358,1)
(3359,0)
(3360,2)
(3361,0)
(3362,0)
(3363,0)
(3364,4)
(3365,0)
(3366,4)
(3367,0)
(3368,1)
(3369,2)
(3370,2)
(3371,2)
(3372,2)
(3373,2)
(3374,3)
(3375,4)
(3376,4)
(3377,2)
(3378,1)
(3379,2)
(3380,2)
(3381,2)
(3382,4)
(3383,2)
(3384,4)
(3385,2)
(3386,1)
(3387,4)
(3388,0)
(3389,2)
(3390,1)
(3391,2)
(3392,2)
(3393,0)
(3394,2)
(3395,2)
(3396,2)
(3397,2)
(3398,0)
(3399,0)
(3400,2)
(3401,4)
(3402,3)
(3403,2)
(3404,0)
(3405,0)
(3406,2)
(3407,4)
(3408,4)
(3409,2)
(3410,4)
(3411,2)
(3412,2)
(3413,3)
(3414,2)
(3415,2)
(3416,4)
(3417,4)
(3418,2)
(3419,0)
(3420,2)
(3421,2)
(3422,1)
(3423,4)
(3424,0)
(3425,2)
(3426,3)
(3427,2)
(3428,0)
(3429,1)
(3430,2)
(3431,2)
(3432,2)
(3433,4)
(3434,2)
(3435,4)
(3436,4)
(3437,2)
(3438,3)
(3439,0)
(3440,0)
(3441,2)
(3442,2)
(3443,4)
(3444,2)
(3445,4)
(3446,4)
(3447,2)
(3448,2)
(3449,1)
(3450,2)
(3451,0)
(3452,2)
(3453,0)
(3454,4)
(3455,2)
(3456,4)
(3457,2)
(3458,4)
(3459,2)
(3460,1)
(3461,0)
(3462,1)
(3463,1)
(3464,2)
(3465,2)
(3466,4)
(3467,1)
(3468,4)
(3469,4)
(3470,0)
(3471,0)
(3472,2)
(3473,2)
(3474,0)
(3475,4)
(3476,0)
(3477,0)
(3478,2)
(3479,1)
(3480,0)
(3481,3)
(3482,0)
(3483,2)
(3484,3)
(3485,1)
(3486,2)
(3487,2)
(3488,4)
(3489,4)
(3490,2)
(3491,0)
(3492,2)
(3493,2)
(3494,2)
(3495,0)
(3496,4)
(3497,4)
(3498,4)
(3499,2)
(3500,2)
(3501,0)
(3502,3)
(3503,3)
(3504,0)
(3505,3)
(3506,4)
(3507,4)
(3508,4)
(3509,0)
(3510,4)
(3511,4)
(3512,2)
(3513,2)
(3514,0)
(3515,4)
(3516,0)
(3517,2)
(3518,2)
(3519,4)
(3520,2)
(3521,2)
(3522,4)
(3523,2)
(3524,0)
(3525,3)
(3526,4)
(3527,0)
(3528,4)
(3529,3)
(3530,2)
(3531,0)
(3532,3)
(3533,2)
(3534,1)
(3535,0)
(3536,4)
(3537,2)
(3538,2)
(3539,2)
(3540,0)
(3541,2)
(3542,4)
(3543,4)
(3544,3)
(3545,4)
(3546,4)
(3547,1)
(3548,2)
(3549,4)
(3550,2)
(3551,2)
(3552,3)
(3553,4)
(3554,2)
(3555,3)
(3556,3)
(3557,0)
(3558,1)
(3559,4)
(3560,4)
(3561,4)
(3562,4)
(3563,3)
(3564,2)
(3565,4)
(3566,2)
(3567,2)
(3568,1)
(3569,4)
(3570,4)
(3571,2)
(3572,2)
(3573,4)
(3574,2)
(3575,4)
(3576,2)
(3577,0)
(3578,2)
(3579,0)
(3580,4)
(3581,4)
(3582,4)
(3583,0)
(3584,2)
(3585,0)
(3586,4)
(3587,4)
(3588,4)
(3589,2)
(3590,4)
(3591,3)
(3592,2)
(3593,0)
(3594,2)
(3595,4)
(3596,2)
(3597,4)
(3598,3)
(3599,2)
(3600,4)
(3601,4)
(3602,2)
(3603,4)
(3604,0)
(3605,2)
(3606,4)
(3607,2)
(3608,0)
(3609,2)
(3610,3)
(3611,0)
(3612,0)
(3613,2)
(3614,0)
(3615,4)
(3616,4)
(3617,2)
(3618,2)
(3619,0)
(3620,2)
(3621,2)
(3622,2)
(3623,2)
(3624,2)
(3625,0)
(3626,4)
(3627,3)
(3628,4)
(3629,2)
(3630,2)
(3631,1)
(3632,4)
(3633,2)
(3634,2)
(3635,2)
(3636,1)
(3637,3)
(3638,2)
(3639,0)
(3640,2)
(3641,2)
(3642,4)
(3643,2)
(3644,0)
(3645,2)
(3646,2)
(3647,3)
(3648,0)
(3649,2)
(3650,4)
(3651,0)
(3652,3)
(3653,2)
(3654,0)
(3655,4)
(3656,2)
(3657,4)
(3658,2)
(3659,4)
(3660,3)
(3661,3)
(3662,4)
(3663,0)
(3664,2)
(3665,2)
(3666,3)
(3667,0)
(3668,4)
(3669,2)
(3670,0)
(3671,2)
(3672,0)
(3673,2)
(3674,3)
(3675,2)
(3676,2)
(3677,4)
(3678,4)
(3679,4)
(3680,2)
(3681,2)
(3682,4)
(3683,2)
(3684,4)
(3685,0)
(3686,4)
(3687,2)
(3688,2)
(3689,2)
(3690,1)
(3691,2)
(3692,4)
(3693,2)
(3694,4)
(3695,4)
(3696,2)
(3697,2)
(3698,4)
(3699,2)
(3700,0)
(3701,4)
(3702,2)
(3703,0)
(3704,4)
(3705,2)
(3706,2)
(3707,0)
(3708,2)
(3709,0)
(3710,4)
(3711,3)
(3712,4)
(3713,2)
(3714,0)
(3715,4)
(3716,2)
(3717,4)
(3718,1)
(3719,4)
(3720,4)
(3721,0)
(3722,2)
(3723,2)
(3724,4)
(3725,4)
(3726,2)
(3727,2)
(3728,2)
(3729,2)
(3730,4)
(3731,2)
(3732,1)
(3733,4)
(3734,2)
(3735,2)
(3736,0)
(3737,0)
(3738,3)
(3739,0)
(3740,4)
(3741,3)
(3742,2)
(3743,4)
(3744,3)
(3745,2)
(3746,2)
(3747,2)
(3748,2)
(3749,2)
(3750,2)
(3751,0)
(3752,0)
(3753,4)
(3754,0)
(3755,2)
(3756,4)
(3757,1)
(3758,4)
(3759,2)
(3760,0)
(3761,0)
(3762,2)
(3763,2)
(3764,2)
(3765,2)
(3766,4)
(3767,4)
(3768,4)
(3769,1)
(3770,4)
(3771,2)
(3772,4)
(3773,1)
(3774,2)
(3775,4)
(3776,2)
(3777,2)
(3778,2)
(3779,3)
(3780,0)
(3781,0)
(3782,4)
(3783,0)
(3784,2)
(3785,4)
(3786,4)
(3787,2)
(3788,2)
(3789,4)
(3790,4)
(3791,3)
(3792,0)
(3793,2)
(3794,4)
(3795,2)
(3796,4)
(3797,2)
(3798,2)
(3799,4)
(3800,4)
(3801,4)
(3802,0)
(3803,2)
(3804,0)
(3805,4)
(3806,1)
(3807,4)
(3808,0)
(3809,2)
(3810,1)
(3811,2)
(3812,0)
(3813,2)
(3814,2)
(3815,2)
(3816,2)
(3817,2)
(3818,2)
(3819,0)
(3820,3)
(3821,2)
(3822,4)
(3823,4)
(3824,0)
(3825,4)
(3826,2)
(3827,0)
(3828,2)
(3829,2)
(3830,2)
(3831,0)
(3832,3)
(3833,2)
(3834,4)
(3835,0)
(3836,2)
(3837,0)
(3838,3)
(3839,0)
(3840,0)
(3841,2)
(3842,3)
(3843,4)
(3844,2)
(3845,0)
(3846,0)
(3847,3)
(3848,2)
(3849,4)
(3850,2)
(3851,1)
(3852,4)
(3853,2)
(3854,4)
(3855,2)
(3856,0)
(3857,2)
(3858,2)
(3859,4)
(3860,4)
(3861,1)
(3862,3)
(3863,2)
(3864,0)
(3865,2)
(3866,4)
(3867,2)
(3868,4)
(3869,4)
(3870,2)
(3871,2)
(3872,4)
(3873,2)
(3874,2)
(3875,2)
(3876,2)
(3877,4)
(3878,4)
(3879,4)
(3880,2)
(3881,2)
(3882,4)
(3883,4)
(3884,4)
(3885,4)
(3886,2)
(3887,4)
(3888,4)
(3889,2)
(3890,4)
(3891,2)
(3892,2)
(3893,4)
(3894,2)
(3895,0)
(3896,4)
(3897,4)
(3898,4)
(3899,4)
(3900,4)
(3901,2)
(3902,0)
(3903,4)
(3904,2)
(3905,0)
(3906,2)
(3907,0)
(3908,4)
(3909,1)
(3910,2)
(3911,2)
(3912,3)
(3913,2)
(3914,3)
(3915,2)
(3916,2)
(3917,0)
(3918,4)
(3919,2)
(3920,4)
(3921,2)
(3922,4)
(3923,2)
(3924,4)
(3925,2)
(3926,0)
(3927,2)
(3928,2)
(3929,2)
(3930,2)
(3931,4)
(3932,2)
(3933,2)
(3934,2)
(3935,0)
(3936,4)
(3937,4)
(3938,2)
(3939,4)
(3940,0)
(3941,2)
(3942,2)
(3943,0)
(3944,3)
(3945,4)
(3946,0)
(3947,2)
(3948,4)
(3949,1)
(3950,3)
(3951,1)
(3952,4)
(3953,4)
(3954,4)
(3955,2)
(3956,2)
(3957,1)
(3958,0)
(3959,2)
(3960,4)
(3961,4)
(3962,4)
(3963,4)
(3964,0)
(3965,0)
(3966,2)
(3967,1)
(3968,2)
(3969,2)
(3970,3)
(3971,4)
(3972,0)
(3973,0)
(3974,2)
(3975,4)
(3976,2)
(3977,1)
(3978,4)
(3979,3)
(3980,2)
(3981,2)
(3982,2)
(3983,2)
(3984,2)
(3985,1)
(3986,4)
(3987,4)
(3988,0)
(3989,0)
(3990,2)
(3991,3)
(3992,2)
(3993,2)
(3994,4)
(3995,4)
(3996,3)
(3997,2)
(3998,0)
(3999,4)
(4000,0)
(4001,4)
(4002,2)
(4003,3)
(4004,2)
(4005,2)
(4006,0)
(4007,2)
(4008,2)
(4009,2)
(4010,0)
(4011,2)
(4012,4)
(4013,2)
(4014,2)
(4015,2)
(4016,0)
(4017,0)
(4018,2)
(4019,4)
(4020,4)
(4021,2)
(4022,2)
(4023,4)
(4024,2)
(4025,3)
(4026,2)
(4027,4)
(4028,4)
(4029,2)
(4030,3)
(4031,4)
(4032,0)
(4033,2)
(4034,4)
(4035,0)
(4036,1)
(4037,0)
(4038,2)
(4039,2)
(4040,0)
(4041,2)
(4042,2)
(4043,3)
(4044,0)
(4045,2)
(4046,2)
(4047,4)
(4048,2)
(4049,0)
(4050,0)
(4051,4)
(4052,4)
(4053,2)
(4054,0)
(4055,2)
(4056,2)
(4057,2)
(4058,2)
(4059,2)
(4060,4)
(4061,0)
(4062,2)
(4063,4)
(4064,0)
(4065,2)
(4066,4)
(4067,0)
(4068,2)
(4069,3)
(4070,2)
(4071,4)
(4072,2)
(4073,2)
(4074,2)
(4075,2)
(4076,4)
(4077,3)
(4078,2)
(4079,2)
(4080,4)
(4081,2)
(4082,2)
(4083,0)
(4084,2)
(4085,1)
(4086,4)
(4087,2)
(4088,2)
(4089,4)
(4090,2)
(4091,4)
(4092,0)
(4093,4)
(4094,2)
(4095,2)
(4096,0)
(4097,4)
(4098,3)
(4099,2)
(4100,2)
(4101,4)
(4102,2)
(4103,4)
(4104,2)
(4105,2)
(4106,4)
(4107,2)
(4108,0)
(4109,2)
(4110,2)
(4111,0)
(4112,4)
(4113,2)
(4114,4)
(4115,2)
(4116,2)
(4117,1)
(4118,2)
(4119,2)
(4120,1)
(4121,2)
(4122,2)
(4123,4)
(4124,2)
(4125,4)
(4126,1)
(4127,0)
(4128,4)
(4129,0)
(4130,2)
(4131,2)
(4132,2)
(4133,4)
(4134,0)
(4135,3)
(4136,4)
(4137,2)
(4138,0)
(4139,2)
(4140,4)
(4141,2)
(4142,4)
(4143,2)
(4144,2)
(4145,2)
(4146,2)
(4147,2)
(4148,4)
(4149,3)
(4150,2)
(4151,4)
(4152,2)
(4153,2)
(4154,2)
(4155,2)
(4156,1)
(4157,4)
(4158,0)
(4159,2)
(4160,2)
(4161,3)
(4162,2)
(4163,2)
(4164,2)
(4165,0)
(4166,1)
(4167,1)
(4168,2)
(4169,0)
(4170,4)
(4171,2)
(4172,4)
(4173,4)
(4174,2)
(4175,1)
(4176,4)
(4177,4)
(4178,0)
(4179,0)
(4180,2)
(4181,4)
(4182,3)
(4183,0)
(4184,4)
(4185,1)
(4186,1)
(4187,0)
(4188,0)
(4189,4)
(4190,1)
(4191,4)
(4192,1)
(4193,4)
(4194,4)
(4195,2)
(4196,4)
(4197,4)
(4198,2)
(4199,3)
(4200,2)
(4201,2)
(4202,2)
(4203,4)
(4204,1)
(4205,2)
(4206,2)
(4207,4)
(4208,2)
(4209,2)
(4210,4)
(4211,0)
(4212,2)
(4213,2)
(4214,2)
(4215,4)
(4216,3)
(4217,3)
(4218,2)
(4219,0)
(4220,4)
(4221,2)
(4222,4)
(4223,2)
(4224,2)
(4225,2)
(4226,2)
(4227,4)
(4228,2)
(4229,2)
(4230,2)
(4231,4)
(4232,0)
(4233,4)
(4234,2)
(4235,4)
(4236,2)
(4237,0)
(4238,4)
(4239,0)
(4240,2)
(4241,0)
(4242,4)
(4243,2)
(4244,2)
(4245,2)
(4246,0)
(4247,2)
(4248,4)
(4249,4)
(4250,4)
(4251,2)
(4252,0)
(4253,0)
(4254,2)
(4255,4)
(4256,2)
(4257,2)
(4258,0)
(4259,2)
(4260,3)
(4261,0)
(4262,0)
(4263,0)
(4264,0)
(4265,2)
(4266,4)
(4267,1)
(4268,4)
(4269,4)
(4270,2)
(4271,0)
(4272,0)
(4273,0)
(4274,2)
(4275,2)
(4276,2)
(4277,2)
(4278,4)
(4279,4)
(4280,4)
(4281,2)
(4282,0)
(4283,0)
(4284,2)
(4285,0)
(4286,1)
(4287,4)
(4288,0)
(4289,2)
(4290,2)
(4291,4)
(4292,2)
(4293,4)
(4294,4)
(4295,4)
(4296,0)
(4297,4)
(4298,2)
(4299,0)
(4300,2)
(4301,0)
(4302,4)
(4303,2)
(4304,2)
(4305,2)
(4306,2)
(4307,4)
(4308,4)
(4309,2)
(4310,4)
(4311,4)
(4312,0)
(4313,1)
(4314,4)
(4315,0)
(4316,3)
(4317,1)
(4318,1)
(4319,0)
(4320,2)
(4321,2)
(4322,2)
(4323,2)
(4324,2)
(4325,2)
(4326,2)
(4327,4)
(4328,0)
(4329,0)
(4330,2)
(4331,1)
(4332,3)
(4333,2)
(4334,1)
(4335,4)
(4336,0)
(4337,4)
(4338,0)
(4339,4)
(4340,2)
(4341,2)
(4342,4)
(4343,2)
(4344,1)
(4345,1)
(4346,4)
(4347,1)
(4348,2)
(4349,1)
(4350,1)
(4351,1)
(4352,2)
(4353,4)
(4354,2)
(4355,0)
(4356,2)
(4357,0)
(4358,2)
(4359,2)
(4360,3)
(4361,2)
(4362,0)
(4363,0)
(4364,2)
(4365,2)
(4366,4)
(4367,2)
(4368,2)
(4369,0)
(4370,2)
(4371,0)
(4372,4)
(4373,2)
(4374,2)
(4375,2)
(4376,2)
(4377,2)
(4378,3)
(4379,4)
(4380,2)
(4381,4)
(4382,0)
(4383,0)
(4384,4)
(4385,4)
(4386,3)
(4387,2)
(4388,4)
(4389,0)
(4390,2)
(4391,0)
(4392,4)
(4393,0)
(4394,2)
(4395,4)
(4396,0)
(4397,0)
(4398,1)
(4399,4)
(4400,4)
(4401,2)
(4402,0)
(4403,4)
(4404,0)
(4405,0)
(4406,0)
(4407,4)
(4408,0)
(4409,2)
(4410,3)
(4411,0)
(4412,0)
(4413,1)
(4414,2)
(4415,4)
(4416,0)
(4417,2)
(4418,4)
(4419,4)
(4420,4)
(4421,2)
(4422,2)
(4423,1)
(4424,4)
(4425,4)
(4426,4)
(4427,4)
(4428,2)
(4429,3)
(4430,2)
(4431,2)
(4432,4)
(4433,4)
(4434,4)
(4435,2)
(4436,4)
(4437,4)
(4438,2)
(4439,2)
(4440,3)
(4441,4)
(4442,4)
(4443,4)
(4444,2)
(4445,2)
(4446,4)
(4447,3)
(4448,0)
(4449,2)
(4450,4)
(4451,4)
(4452,3)
(4453,1)
(4454,2)
(4455,0)
(4456,0)
(4457,2)
(4458,4)
(4459,2)
(4460,2)
(4461,4)
(4462,4)
(4463,0)
(4464,2)
(4465,0)
(4466,4)
(4467,4)
(4468,4)
(4469,4)
(4470,2)
(4471,4)
(4472,4)
(4473,4)
(4474,2)
(4475,1)
(4476,3)
(4477,2)
(4478,2)
(4479,4)
(4480,1)
(4481,2)
(4482,2)
(4483,0)
(4484,2)
(4485,4)
(4486,4)
(4487,4)
(4488,2)
(4489,3)
(4490,0)
(4491,2)
(4492,3)
(4493,4)
(4494,2)
(4495,2)
(4496,2)
(4497,2)
(4498,4)
(4499,2)
(4500,4)
(4501,2)
(4502,4)
(4503,2)
(4504,4)
(4505,2)
(4506,3)
(4507,4)
(4508,2)
(4509,0)
(4510,1)
(4511,2)
(4512,0)
(4513,4)
(4514,4)
(4515,2)
(4516,2)
(4517,2)
(4518,4)
(4519,2)
(4520,2)
(4521,0)
(4522,1)
(4523,2)
(4524,0)
(4525,2)
(4526,2)
(4527,2)
(4528,2)
(4529,0)
(4530,2)
(4531,2)
(4532,2)
(4533,2)
(4534,4)
(4535,4)
(4536,2)
(4537,4)
(4538,0)
(4539,4)
(4540,4)
(4541,4)
(4542,2)
(4543,0)
(4544,4)
(4545,2)
(4546,4)
(4547,4)
(4548,4)
(4549,2)
(4550,2)
(4551,4)
(4552,0)
(4553,4)
(4554,2)
(4555,0)
(4556,4)
(4557,2)
(4558,2)
(4559,2)
(4560,4)
(4561,1)
(4562,3)
(4563,2)
(4564,2)
(4565,2)
(4566,4)
(4567,1)
(4568,2)
(4569,0)
(4570,4)
(4571,2)
(4572,4)
(4573,2)
(4574,2)
(4575,2)
(4576,4)
(4577,0)
(4578,3)
(4579,3)
(4580,2)
(4581,2)
(4582,1)
(4583,4)
(4584,4)
(4585,4)
(4586,2)
(4587,4)
(4588,4)
(4589,2)
(4590,2)
(4591,2)
(4592,0)
(4593,2)
(4594,0)
(4595,0)
(4596,2)
(4597,0)
(4598,0)
(4599,2)
(4600,2)
(4601,4)
(4602,1)
(4603,2)
(4604,4)
(4605,4)
(4606,0)
(4607,2)
(4608,0)
(4609,2)
(4610,3)
(4611,2)
(4612,2)
(4613,1)
(4614,4)
(4615,0)
(4616,2)
(4617,0)
(4618,4)
(4619,0)
(4620,4)
(4621,4)
(4622,2)
(4623,4)
(4624,4)
(4625,2)
(4626,4)
(4627,2)
(4628,1)
(4629,0)
(4630,4)
(4631,0)
(4632,2)
(4633,2)
(4634,2)
(4635,4)
(4636,0)
(4637,4)
(4638,0)
(4639,4)
(4640,2)
(4641,2)
(4642,0)
(4643,2)
(4644,4)
(4645,2)
(4646,4)
(4647,3)
(4648,2)
(4649,2)
(4650,0)
(4651,4)
(4652,2)
(4653,2)
(4654,4)
(4655,4)
(4656,4)
(4657,0)
(4658,2)
(4659,2)
(4660,3)
(4661,3)
(4662,2)
(4663,2)
(4664,2)
(4665,4)
(4666,1)
(4667,0)
(4668,4)
(4669,4)
(4670,2)
(4671,2)
(4672,4)
(4673,1)
(4674,0)
(4675,2)
(4676,2)
(4677,2)
(4678,2)
(4679,2)
(4680,2)
(4681,3)
(4682,4)
(4683,2)
(4684,2)
(4685,2)
(4686,4)
(4687,0)
(4688,2)
(4689,4)
(4690,2)
(4691,3)
(4692,2)
(4693,2)
(4694,3)
(4695,0)
(4696,4)
(4697,2)
(4698,0)
(4699,2)
(4700,1)
(4701,4)
(4702,2)
(4703,2)
(4704,0)
(4705,4)
(4706,4)
(4707,3)
(4708,2)
(4709,2)
(4710,4)
(4711,2)
(4712,4)
(4713,2)
(4714,3)
(4715,0)
(4716,0)
(4717,2)
(4718,0)
(4719,0)
(4720,0)
(4721,4)
(4722,2)
(4723,4)
(4724,2)
(4725,2)
(4726,2)
(4727,2)
(4728,1)
(4729,2)
(4730,0)
(4731,2)
(4732,2)
(4733,2)
(4734,2)
(4735,2)
(4736,0)
(4737,2)
(4738,4)
(4739,4)
(4740,0)
(4741,0)
(4742,0)
(4743,2)
(4744,4)
(4745,2)
(4746,4)
(4747,0)
(4748,2)
(4749,1)
(4750,2)
(4751,4)
(4752,4)
(4753,2)
(4754,1)
(4755,4)
(4756,0)
(4757,2)
(4758,0)
(4759,2)
(4760,4)
(4761,1)
(4762,0)
(4763,4)
(4764,3)
(4765,2)
(4766,4)
(4767,2)
(4768,2)
(4769,2)
(4770,3)
(4771,2)
(4772,2)
(4773,4)
(4774,2)
(4775,0)
(4776,2)
(4777,2)
(4778,0)
(4779,4)
(4780,0)
(4781,2)
(4782,2)
(4783,4)
(4784,0)
(4785,2)
(4786,0)
(4787,1)
(4788,2)
(4789,0)
(4790,4)
(4791,2)
(4792,2)
(4793,4)
(4794,2)
(4795,0)
(4796,0)
(4797,2)
(4798,2)
(4799,2)
(4800,1)
(4801,4)
(4802,4)
(4803,2)
(4804,2)
(4805,1)
(4806,2)
(4807,0)
(4808,0)
(4809,4)
(4810,0)
(4811,4)
(4812,3)
(4813,2)
(4814,2)
(4815,2)
(4816,2)
(4817,2)
(4818,2)
(4819,2)
(4820,2)
(4821,2)
(4822,4)
(4823,2)
(4824,2)
(4825,0)
(4826,2)
(4827,3)
(4828,2)
(4829,2)
(4830,0)
(4831,4)
(4832,4)
(4833,4)
(4834,0)
(4835,0)
(4836,2)
(4837,4)
(4838,2)
(4839,1)
(4840,4)
(4841,2)
(4842,0)
(4843,0)
(4844,2)
(4845,0)
(4846,0)
(4847,2)
(4848,0)
(4849,2)
(4850,2)
(4851,2)
(4852,2)
(4853,2)
(4854,1)
(4855,2)
(4856,2)
(4857,2)
(4858,4)
(4859,2)
(4860,0)
(4861,2)
(4862,2)
(4863,2)
(4864,3)
(4865,4)
(4866,4)
(4867,3)
(4868,1)
(4869,2)
(4870,2)
(4871,4)
(4872,4)
(4873,2)
(4874,3)
(4875,4)
(4876,4)
(4877,2)
(4878,2)
(4879,2)
(4880,4)
(4881,4)
(4882,4)
(4883,4)
(4884,2)
(4885,2)
(4886,0)
(4887,4)
(4888,4)
(4889,0)
(4890,2)
(4891,2)
(4892,2)
(4893,1)
(4894,0)
(4895,3)
(4896,4)
(4897,0)
(4898,2)
(4899,0)
(4900,4)
(4901,2)
(4902,2)
(4903,0)
(4904,2)
(4905,0)
(4906,0)
(4907,2)
(4908,4)
(4909,2)
(4910,2)
(4911,2)
(4912,4)
(4913,2)
(4914,2)
(4915,2)
(4916,2)
(4917,2)
(4918,4)
(4919,2)
(4920,4)
(4921,2)
(4922,2)
(4923,2)
(4924,2)
(4925,4)
(4926,4)
(4927,1)
(4928,0)
(4929,0)
(4930,4)
(4931,0)
(4932,2)
(4933,2)
(4934,2)
(4935,4)
(4936,0)
(4937,0)
(4938,2)
(4939,0)
(4940,2)
(4941,2)
(4942,0)
(4943,1)
(4944,2)
(4945,4)
(4946,4)
(4947,0)
(4948,0)
(4949,2)
(4950,0)
(4951,2)
(4952,2)
(4953,2)
(4954,0)
(4955,4)
(4956,4)
(4957,2)
(4958,0)
(4959,0)
(4960,0)
(4961,0)
(4962,2)
(4963,4)
(4964,2)
(4965,4)
(4966,4)
(4967,1)
(4968,1)
(4969,2)
(4970,2)
(4971,4)
(4972,4)
(4973,1)
(4974,2)
(4975,2)
(4976,4)
(4977,0)
(4978,0)
(4979,1)
(4980,0)
(4981,4)
(4982,3)
(4983,2)
(4984,2)
(4985,2)
(4986,2)
(4987,2)
(4988,0)
(4989,1)
(4990,2)
(4991,4)
(4992,3)
(4993,0)
(4994,4)
(4995,4)
(4996,2)
(4997,0)
(4998,4)
(4999,2)
(5000,4)
(5001,2)
(5002,2)
(5003,4)
(5004,1)
(5005,2)
(5006,4)
(5007,4)
(5008,0)
(5009,2)
(5010,0)
(5011,2)
(5012,2)
(5013,0)
(5014,0)
(5015,4)
(5016,0)
(5017,2)
(5018,2)
(5019,0)
(5020,2)
(5021,4)
(5022,2)
(5023,2)
(5024,4)
(5025,2)
(5026,2)
(5027,2)
(5028,2)
(5029,2)
(5030,2)
(5031,2)
(5032,3)
(5033,2)
(5034,4)
(5035,0)
(5036,2)
(5037,2)
(5038,4)
(5039,2)
(5040,3)
(5041,4)
(5042,4)
(5043,2)
(5044,3)
(5045,2)
(5046,0)
(5047,2)
(5048,2)
(5049,2)
(5050,4)
(5051,0)
(5052,2)
(5053,2)
(5054,2)
(5055,2)
(5056,0)
(5057,4)
(5058,2)
(5059,4)
(5060,1)
(5061,1)
(5062,4)
(5063,0)
(5064,4)
(5065,2)
(5066,1)
(5067,2)
(5068,0)
(5069,1)
(5070,4)
(5071,2)
(5072,0)
(5073,4)
(5074,2)
(5075,2)
(5076,2)
(5077,3)
(5078,4)
(5079,2)
(5080,0)
(5081,3)
(5082,0)
(5083,4)
(5084,0)
(5085,4)
(5086,0)
(5087,2)
(5088,0)
(5089,4)
(5090,4)
(5091,2)
(5092,2)
(5093,1)
(5094,0)
(5095,2)
(5096,4)
(5097,2)
(5098,0)
(5099,4)
(5100,0)
(5101,2)
(5102,0)
(5103,2)
(5104,4)
(5105,2)
(5106,0)
(5107,1)
(5108,4)
(5109,4)
(5110,4)
(5111,0)
(5112,2)
(5113,0)
(5114,4)
(5115,4)
(5116,0)
(5117,2)
(5118,4)
(5119,2)
(5120,4)
(5121,0)
(5122,2)
(5123,2)
(5124,1)
(5125,1)
(5126,0)
(5127,4)
(5128,2)
(5129,2)
(5130,1)
(5131,1)
(5132,2)
(5133,0)
(5134,1)
(5135,0)
(5136,4)
(5137,2)
(5138,4)
(5139,1)
(5140,2)
(5141,2)
(5142,2)
(5143,0)
(5144,4)
(5145,2)
(5146,3)
(5147,2)
(5148,4)
(5149,1)
(5150,4)
(5151,2)
(5152,2)
(5153,4)
(5154,2)
(5155,2)
(5156,2)
(5157,4)
(5158,4)
(5159,0)
(5160,4)
(5161,2)
(5162,4)
(5163,4)
(5164,2)
(5165,4)
(5166,4)
(5167,1)
(5168,4)
(5169,0)
(5170,2)
(5171,2)
(5172,4)
(5173,3)
(5174,4)
(5175,2)
(5176,0)
(5177,4)
(5178,4)
(5179,2)
(5180,3)
(5181,0)
(5182,2)
(5183,4)
(5184,2)
(5185,2)
(5186,0)
(5187,2)
(5188,4)
(5189,2)
(5190,4)
(5191,2)
(5192,2)
(5193,2)
(5194,4)
(5195,2)
(5196,4)
(5197,2)
(5198,3)
(5199,0)
(5200,4)
(5201,4)
(5202,2)
(5203,2)
(5204,4)
(5205,0)
(5206,2)
(5207,1)
(5208,2)
(5209,2)
(5210,1)
(5211,0)
(5212,3)
(5213,0)
(5214,3)
(5215,2)
(5216,2)
(5217,0)
(5218,0)
(5219,2)
(5220,2)
(5221,2)
(5222,2)
(5223,4)
(5224,4)
(5225,2)
(5226,2)
(5227,4)
(5228,2)
(5229,1)
(5230,2)
(5231,2)
(5232,2)
(5233,2)
(5234,2)
(5235,2)
(5236,2)
(5237,0)
(5238,4)
(5239,2)
(5240,4)
(5241,1)
(5242,2)
(5243,0)
(5244,4)
(5245,2)
(5246,1)
(5247,1)
(5248,4)
(5249,4)
(5250,2)
(5251,0)
(5252,0)
(5253,2)
(5254,2)
(5255,4)
(5256,4)
(5257,4)
(5258,0)
(5259,4)
(5260,2)
(5261,2)
(5262,4)
(5263,1)
(5264,2)
(5265,2)
(5266,2)
(5267,4)
(5268,4)
(5269,4)
(5270,4)
(5271,2)
(5272,1)
(5273,2)
(5274,2)
(5275,2)
(5276,2)
(5277,2)
(5278,2)
(5279,0)
(5280,2)
(5281,2)
(5282,1)
(5283,2)
(5284,2)
(5285,2)
(5286,3)
(5287,4)
(5288,2)
(5289,3)
(5290,4)
(5291,2)
(5292,1)
(5293,0)
(5294,2)
(5295,2)
(5296,2)
(5297,0)
(5298,3)
(5299,1)
(5300,3)
(5301,2)
(5302,0)
(5303,0)
(5304,1)
(5305,2)
(5306,4)
(5307,1)
(5308,2)
(5309,0)
(5310,3)
(5311,2)
(5312,2)
(5313,4)
(5314,2)
(5315,4)
(5316,2)
(5317,2)
(5318,1)
(5319,0)
(5320,2)
(5321,0)
(5322,0)
(5323,0)
(5324,0)
(5325,2)
(5326,2)
(5327,3)
(5328,2)
(5329,4)
(5330,2)
(5331,2)
(5332,0)
(5333,3)
(5334,4)
(5335,2)
(5336,4)
(5337,2)
(5338,3)
(5339,0)
(5340,3)
(5341,4)
(5342,2)
(5343,4)
(5344,4)
(5345,4)
(5346,4)
(5347,2)
(5348,0)
(5349,0)
(5350,2)
(5351,2)
(5352,2)
(5353,3)
(5354,2)
(5355,3)
(5356,2)
(5357,2)
(5358,2)
(5359,4)
(5360,3)
(5361,2)
(5362,4)
(5363,4)
(5364,2)
(5365,4)
(5366,0)
(5367,1)
(5368,4)
(5369,2)
(5370,2)
(5371,2)
(5372,4)
(5373,0)
(5374,2)
(5375,1)
(5376,2)
(5377,4)
(5378,4)
(5379,4)
(5380,2)
(5381,2)
(5382,1)
(5383,0)
(5384,2)
(5385,2)
(5386,2)
(5387,4)
(5388,2)
(5389,0)
(5390,4)
(5391,0)
(5392,4)
(5393,0)
(5394,0)
(5395,2)
(5396,2)
(5397,2)
(5398,4)
(5399,2)
(5400,2)
(5401,4)
(5402,0)
(5403,2)
(5404,0)
(5405,4)
(5406,2)
(5407,3)
(5408,4)
(5409,2)
(5410,2)
(5411,0)
(5412,0)
(5413,3)
(5414,2)
(5415,0)
(5416,4)
(5417,0)
(5418,2)
(5419,2)
(5420,4)
(5421,4)
(5422,4)
(5423,4)
(5424,3)
(5425,2)
(5426,2)
(5427,4)
(5428,4)
(5429,2)
(5430,0)
(5431,2)
(5432,0)
(5433,4)
(5434,2)
(5435,4)
(5436,0)
(5437,0)
(5438,0)
(5439,3)
(5440,2)
(5441,2)
(5442,4)
(5443,0)
(5444,2)
(5445,0)
(5446,0)
(5447,4)
(5448,1)
(5449,2)
(5450,2)
(5451,2)
(5452,2)
(5453,4)
(5454,0)
(5455,2)
(5456,4)
(5457,2)
(5458,1)
(5459,2)
(5460,4)
(5461,2)
(5462,2)
(5463,4)
(5464,0)
(5465,2)
(5466,3)
(5467,0)
(5468,2)
(5469,2)
(5470,4)
(5471,2)
(5472,3)
(5473,2)
(5474,0)
(5475,3)
(5476,0)
(5477,2)
(5478,2)
(5479,4)
(5480,2)
(5481,4)
(5482,4)
(5483,0)
(5484,2)
(5485,2)
(5486,0)
(5487,3)
(5488,4)
(5489,0)
(5490,0)
(5491,2)
(5492,0)
(5493,4)
(5494,1)
(5495,4)
(5496,2)
(5497,4)
(5498,2)
(5499,2)
(5500,2)
(5501,0)
(5502,4)
(5503,2)
(5504,1)
(5505,4)
(5506,3)
(5507,3)
(5508,0)
(5509,4)
(5510,4)
(5511,3)
(5512,0)
(5513,2)
(5514,2)
(5515,2)
(5516,2)
(5517,4)
(5518,4)
(5519,4)
(5520,2)
(5521,0)
(5522,3)
(5523,4)
(5524,2)
(5525,0)
(5526,2)
(5527,2)
(5528,2)
(5529,2)
(5530,0)
(5531,0)
(5532,2)
(5533,2)
(5534,3)
(5535,0)
(5536,2)
(5537,4)
(5538,4)
(5539,2)
(5540,2)
(5541,2)
(5542,0)
(5543,2)
(5544,3)
(5545,4)
(5546,0)
(5547,2)
(5548,0)
(5549,4)
(5550,2)
(5551,4)
(5552,3)
(5553,4)
(5554,0)
(5555,0)
(5556,0)
(5557,2)
(5558,2)
(5559,1)
(5560,2)
(5561,0)
(5562,0)
(5563,4)
(5564,0)
(5565,2)
(5566,0)
(5567,3)
(5568,0)
(5569,2)
(5570,3)
(5571,0)
(5572,2)
(5573,4)
(5574,2)
(5575,4)
(5576,4)
(5577,2)
(5578,1)
(5579,0)
(5580,2)
(5581,3)
(5582,2)
(5583,2)
(5584,2)
(5585,0)
(5586,2)
(5587,0)
(5588,2)
(5589,0)
(5590,2)
(5591,2)
(5592,0)
(5593,2)
(5594,0)
(5595,4)
(5596,4)
(5597,4)
(5598,1)
(5599,1)
(5600,2)
(5601,3)
(5602,4)
(5603,1)
(5604,2)
(5605,0)
(5606,0)
(5607,4)
(5608,2)
(5609,2)
(5610,2)
(5611,3)
(5612,2)
(5613,3)
(5614,3)
(5615,2)
(5616,3)
(5617,0)
(5618,2)
(5619,0)
(5620,1)
(5621,0)
(5622,0)
(5623,2)
(5624,2)
(5625,2)
(5626,2)
(5627,2)
(5628,2)
(5629,2)
(5630,0)
(5631,2)
(5632,2)
(5633,2)
(5634,2)
(5635,2)
(5636,3)
(5637,2)
(5638,4)
(5639,2)
(5640,2)
(5641,2)
(5642,2)
(5643,2)
(5644,0)
(5645,4)
(5646,0)
(5647,2)
(5648,4)
(5649,4)
(5650,2)
(5651,4)
(5652,3)
(5653,3)
(5654,2)
(5655,1)
(5656,2)
(5657,2)
(5658,0)
(5659,4)
(5660,4)
(5661,2)
(5662,0)
(5663,2)
(5664,0)
(5665,2)
(5666,2)
(5667,4)
(5668,1)
(5669,0)
(5670,0)
(5671,2)
(5672,2)
(5673,4)
(5674,4)
(5675,4)
(5676,2)
(5677,2)
(5678,4)
(5679,2)
(5680,4)
(5681,0)
(5682,2)
(5683,4)
(5684,0)
(5685,2)
(5686,4)
(5687,2)
(5688,0)
(5689,4)
(5690,4)
(5691,2)
(5692,3)
(5693,0)
(5694,2)
(5695,2)
(5696,2)
(5697,2)
(5698,3)
(5699,4)
(5700,2)
(5701,4)
(5702,4)
(5703,0)
(5704,0)
(5705,2)
(5706,0)
(5707,2)
(5708,0)
(5709,0)
(5710,2)
(5711,0)
(5712,2)
(5713,2)
(5714,2)
(5715,2)
(5716,2)
(5717,1)
(5718,2)
(5719,2)
(5720,4)
(5721,2)
(5722,2)
(5723,4)
(5724,0)
(5725,2)
(5726,2)
(5727,2)
(5728,1)
(5729,4)
(5730,4)
(5731,4)
(5732,2)
(5733,2)
(5734,2)
(5735,2)
(5736,4)
(5737,4)
(5738,4)
(5739,2)
(5740,2)
(5741,2)
(5742,2)
(5743,2)
(5744,0)
(5745,2)
(5746,3)
(5747,2)
(5748,2)
(5749,4)
(5750,2)
(5751,4)
(5752,4)
(5753,4)
(5754,2)
(5755,4)
(5756,2)
(5757,2)
(5758,0)
(5759,4)
(5760,2)
(5761,0)
(5762,4)
(5763,3)
(5764,2)
(5765,3)
(5766,0)
(5767,0)
(5768,4)
(5769,2)
(5770,2)
(5771,2)
(5772,0)
(5773,3)
(5774,1)
(5775,4)
(5776,2)
(5777,4)
(5778,2)
(5779,2)
(5780,4)
(5781,1)
(5782,4)
(5783,2)
(5784,4)
(5785,2)
(5786,2)
(5787,0)
(5788,2)
(5789,0)
(5790,2)
(5791,3)
(5792,2)
(5793,4)
(5794,2)
(5795,2)
(5796,4)
(5797,4)
(5798,3)
(5799,2)
(5800,0)
(5801,4)
(5802,4)
(5803,2)
(5804,4)
(5805,0)
(5806,4)
(5807,4)
(5808,4)
(5809,2)
(5810,4)
(5811,2)
(5812,0)
(5813,4)
(5814,2)
(5815,2)
(5816,4)
(5817,4)
(5818,2)
(5819,2)
(5820,2)
(5821,2)
(5822,2)
(5823,3)
(5824,2)
(5825,0)
(5826,4)
(5827,2)
(5828,4)
(5829,4)
(5830,0)
(5831,2)
(5832,2)
(5833,1)
(5834,0)
(5835,4)
(5836,2)
(5837,4)
(5838,4)
(5839,4)
(5840,4)
(5841,2)
(5842,2)
(5843,2)
(5844,0)
(5845,2)
(5846,4)
(5847,2)
(5848,4)
(5849,2)
(5850,0)
(5851,2)
(5852,2)
(5853,2)
(5854,4)
(5855,4)
(5856,2)
(5857,2)
(5858,2)
(5859,2)
(5860,4)
(5861,1)
(5862,4)
(5863,0)
(5864,2)
(5865,4)
(5866,2)
(5867,4)
(5868,2)
(5869,0)
(5870,2)
(5871,2)
(5872,0)
(5873,0)
(5874,1)
(5875,2)
(5876,4)
(5877,4)
(5878,3)
(5879,4)
(5880,0)
(5881,0)
(5882,4)
(5883,2)
(5884,3)
(5885,0)
(5886,1)
(5887,2)
(5888,2)
(5889,0)
(5890,2)
(5891,2)
(5892,4)
(5893,1)
(5894,3)
(5895,4)
(5896,2)
(5897,2)
(5898,4)
(5899,2)
(5900,2)
(5901,2)
(5902,0)
(5903,2)
(5904,2)
(5905,2)
(5906,2)
(5907,1)
(5908,2)
(5909,2)
(5910,0)
(5911,2)
(5912,0)
(5913,1)
(5914,2)
(5915,0)
(5916,2)
(5917,0)
(5918,2)
(5919,2)
(5920,4)
(5921,4)
(5922,4)
(5923,2)
(5924,0)
(5925,2)
(5926,4)
(5927,0)
(5928,4)
(5929,0)
(5930,1)
(5931,1)
(5932,4)
(5933,2)
(5934,1)
(5935,4)
(5936,2)
(5937,0)
(5938,1)
(5939,2)
(5940,4)
(5941,4)
(5942,2)
(5943,4)
(5944,2)
(5945,2)
(5946,0)
(5947,4)
(5948,2)
(5949,0)
(5950,4)
(5951,2)
(5952,4)
(5953,0)
(5954,3)
(5955,0)
(5956,4)
(5957,4)
(5958,3)
(5959,2)
(5960,2)
(5961,0)
(5962,2)
(5963,2)
(5964,2)
(5965,0)
(5966,2)
(5967,4)
(5968,1)
(5969,4)
(5970,4)
(5971,1)
(5972,4)
(5973,4)
(5974,4)
(5975,0)
(5976,4)
(5977,4)
(5978,2)
(5979,0)
(5980,1)
(5981,4)
(5982,4)
(5983,2)
(5984,2)
(5985,2)
(5986,4)
(5987,2)
(5988,0)
(5989,0)
(5990,3)
(5991,3)
(5992,4)
(5993,2)
(5994,0)
(5995,3)
(5996,2)
(5997,4)
(5998,2)
(5999,2)
(6000,0)
(6001,0)
(6002,4)
(6003,2)
(6004,2)
(6005,4)
(6006,0)
(6007,4)
(6008,3)
(6009,2)
(6010,0)
(6011,0)
(6012,1)
(6013,2)
(6014,1)
(6015,1)
(6016,0)
(6017,2)
(6018,2)
(6019,1)
(6020,4)
(6021,4)
(6022,4)
(6023,2)
(6024,2)
(6025,4)
(6026,2)
(6027,1)
(6028,1)
(6029,0)
(6030,4)
(6031,2)
(6032,1)
(6033,2)
(6034,4)
(6035,2)
(6036,4)
(6037,0)
(6038,2)
(6039,2)
(6040,3)
(6041,4)
(6042,2)
(6043,4)
(6044,4)
(6045,1)
(6046,2)
(6047,0)
(6048,4)
(6049,2)
(6050,4)
(6051,2)
(6052,0)
(6053,2)
(6054,4)
(6055,4)
(6056,2)
(6057,2)
(6058,4)
(6059,2)
(6060,0)
(6061,4)
(6062,2)
(6063,0)
(6064,2)
(6065,2)
(6066,4)
(6067,0)
(6068,2)
(6069,2)
(6070,1)
(6071,2)
(6072,2)
(6073,0)
(6074,2)
(6075,4)
(6076,2)
(6077,2)
(6078,2)
(6079,2)
(6080,3)
(6081,4)
(6082,2)
(6083,2)
(6084,1)
(6085,4)
(6086,4)
(6087,1)
(6088,1)
(6089,2)
(6090,4)
(6091,4)
(6092,4)
(6093,2)
(6094,4)
(6095,2)
(6096,4)
(6097,3)
(6098,2)
(6099,2)
(6100,2)
(6101,4)
(6102,2)
(6103,2)
(6104,2)
(6105,4)
(6106,2)
(6107,2)
(6108,2)
(6109,4)
(6110,2)
(6111,2)
(6112,4)
(6113,2)
(6114,1)
(6115,4)
(6116,4)
(6117,0)
(6118,2)
(6119,0)
(6120,0)
(6121,2)
(6122,0)
(6123,3)
(6124,3)
(6125,4)
(6126,0)
(6127,2)
(6128,3)
(6129,0)
(6130,0)
(6131,4)
(6132,0)
(6133,2)
(6134,2)
(6135,2)
(6136,3)
(6137,3)
(6138,0)
(6139,1)
(6140,2)
(6141,4)
(6142,4)
(6143,0)
(6144,0)
(6145,2)
(6146,4)
(6147,4)
(6148,4)
(6149,2)
(6150,2)
(6151,3)
(6152,3)
(6153,0)
(6154,2)
(6155,2)
(6156,2)
(6157,2)
(6158,4)
(6159,4)
(6160,2)
(6161,4)
(6162,0)
(6163,4)
(6164,4)
(6165,0)
(6166,0)
(6167,0)
(6168,2)
(6169,2)
(6170,4)
(6171,4)
(6172,2)
(6173,4)
(6174,0)
(6175,0)
(6176,0)
(6177,3)
(6178,2)
(6179,4)
(6180,4)
(6181,4)
(6182,2)
(6183,0)
(6184,4)
(6185,2)
(6186,4)
(6187,4)
(6188,0)
(6189,3)
(6190,4)
(6191,4)
(6192,0)
(6193,0)
(6194,2)
(6195,4)
(6196,2)
(6197,0)
(6198,0)
(6199,2)
(6200,4)
(6201,0)
(6202,0)
(6203,2)
(6204,0)
(6205,2)
(6206,2)
(6207,2)
(6208,4)
(6209,0)
(6210,2)
(6211,4)
(6212,4)
(6213,2)
(6214,2)
(6215,4)
(6216,4)
(6217,4)
(6218,2)
(6219,2)
(6220,3)
(6221,4)
(6222,4)
(6223,1)
(6224,2)
(6225,2)
(6226,3)
(6227,4)
(6228,0)
(6229,3)
(6230,2)
(6231,4)
(6232,2)
(6233,2)
(6234,2)
(6235,2)
(6236,2)
(6237,0)
(6238,2)
(6239,2)
(6240,0)
(6241,0)
(6242,4)
(6243,2)
(6244,2)
(6245,0)
(6246,2)
(6247,0)
(6248,4)
(6249,4)
(6250,2)
(6251,2)
(6252,4)
(6253,0)
(6254,0)
(6255,4)
(6256,2)
(6257,0)
(6258,2)
(6259,2)
(6260,0)
(6261,2)
(6262,2)
(6263,4)
(6264,4)
(6265,0)
(6266,2)
(6267,2)
(6268,4)
(6269,4)
(6270,0)
(6271,2)
(6272,2)
(6273,1)
(6274,2)
(6275,2)
(6276,0)
(6277,2)
(6278,0)
(6279,1)
(6280,0)
(6281,3)
(6282,4)
(6283,2)
(6284,0)
(6285,4)
(6286,2)
(6287,0)
(6288,2)
(6289,2)
(6290,0)
(6291,4)
(6292,2)
(6293,2)
(6294,2)
(6295,0)
(6296,4)
(6297,2)
(6298,4)
(6299,1)
(6300,2)
(6301,4)
(6302,0)
(6303,2)
(6304,1)
(6305,4)
(6306,2)
(6307,3)
(6308,2)
(6309,0)
(6310,4)
(6311,3)
(6312,2)
(6313,1)
(6314,0)
(6315,2)
(6316,2)
(6317,2)
(6318,4)
(6319,2)
(6320,1)
(6321,4)
(6322,2)
(6323,4)
(6324,2)
(6325,2)
(6326,3)
(6327,0)
(6328,2)
(6329,2)
(6330,4)
(6331,0)
(6332,0)
(6333,2)
(6334,4)
(6335,4)
(6336,0)
(6337,2)
(6338,2)
(6339,4)
(6340,0)
(6341,0)
(6342,2)
(6343,2)
(6344,2)
(6345,0)
(6346,0)
(6347,4)
(6348,0)
(6349,2)
(6350,2)
(6351,4)
(6352,1)
(6353,2)
(6354,2)
(6355,2)
(6356,2)
(6357,3)
(6358,2)
(6359,4)
(6360,2)
(6361,3)
(6362,2)
(6363,2)
(6364,2)
(6365,4)
(6366,4)
(6367,2)
(6368,0)
(6369,4)
(6370,2)
(6371,3)
(6372,1)
(6373,4)
(6374,2)
(6375,2)
(6376,1)
(6377,2)
(6378,2)
(6379,0)
(6380,2)
(6381,4)
(6382,2)
(6383,2)
(6384,0)
(6385,2)
(6386,4)
(6387,4)
(6388,2)
(6389,2)
(6390,2)
(6391,1)
(6392,4)
(6393,0)
(6394,4)
(6395,2)
(6396,3)
(6397,2)
(6398,4)
(6399,4)
(6400,2)
(6401,1)
(6402,4)
(6403,3)
(6404,2)
(6405,2)
(6406,0)
(6407,2)
(6408,0)
(6409,2)
(6410,4)
(6411,4)
(6412,0)
(6413,1)
(6414,2)
(6415,0)
(6416,4)
(6417,0)
(6418,2)
(6419,0)
(6420,4)
(6421,4)
(6422,0)
(6423,4)
(6424,2)
(6425,4)
(6426,3)
(6427,2)
(6428,4)
(6429,4)
(6430,4)
(6431,4)
(6432,4)
(6433,2)
(6434,4)
(6435,1)
(6436,4)
(6437,0)
(6438,0)
(6439,4)
(6440,4)
(6441,2)
(6442,0)
(6443,4)
(6444,4)
(6445,2)
(6446,2)
(6447,4)
(6448,4)
(6449,1)
(6450,0)
(6451,2)
(6452,2)
(6453,2)
(6454,0)
(6455,4)
(6456,4)
(6457,4)
(6458,1)
(6459,2)
(6460,0)
(6461,2)
(6462,2)
(6463,2)
(6464,2)
(6465,4)
(6466,4)
(6467,2)
(6468,4)
(6469,4)
(6470,1)
(6471,4)
(6472,1)
(6473,2)
(6474,4)
(6475,2)
(6476,2)
(6477,4)
(6478,2)
(6479,4)
(6480,0)
(6481,2)
(6482,2)
(6483,4)
(6484,0)
(6485,2)
(6486,2)
(6487,4)
(6488,1)
(6489,2)
(6490,2)
(6491,2)
(6492,3)
(6493,4)
(6494,2)
(6495,1)
(6496,0)
(6497,4)
(6498,4)
(6499,0)
(6500,3)
(6501,2)
(6502,0)
(6503,2)
(6504,3)
(6505,2)
(6506,2)
(6507,2)
(6508,3)
(6509,1)
(6510,4)
(6511,2)
(6512,0)
(6513,2)
(6514,2)
(6515,4)
(6516,4)
(6517,2)
(6518,4)
(6519,4)
(6520,2)
(6521,2)
(6522,4)
(6523,4)
(6524,2)
(6525,4)
(6526,2)
(6527,2)
(6528,4)
(6529,2)
(6530,2)
(6531,4)
(6532,2)
(6533,3)
(6534,2)
(6535,4)
(6536,2)
(6537,2)
(6538,4)
(6539,2)
(6540,2)
(6541,2)
(6542,4)
(6543,2)
(6544,4)
(6545,3)
(6546,2)
(6547,3)
(6548,0)
(6549,4)
(6550,0)
(6551,2)
(6552,4)
(6553,2)
(6554,2)
(6555,0)
(6556,2)
(6557,0)
(6558,2)
(6559,2)
(6560,1)
(6561,1)
(6562,2)
(6563,3)
(6564,1)
(6565,2)
(6566,2)
(6567,2)
(6568,2)
(6569,4)
(6570,4)
(6571,2)
(6572,0)
(6573,0)
(6574,0)
(6575,0)
(6576,4)
(6577,3)
(6578,2)
(6579,2)
(6580,0)
(6581,2)
(6582,4)
(6583,4)
(6584,0)
(6585,0)
(6586,2)
(6587,4)
(6588,4)
(6589,1)
(6590,0)
(6591,2)
(6592,2)
(6593,2)
(6594,0)
(6595,4)
(6596,0)
(6597,3)
(6598,0)
(6599,0)
(6600,0)
(6601,2)
(6602,2)
(6603,2)
(6604,0)
(6605,0)
(6606,2)
(6607,2)
(6608,0)
(6609,2)
(6610,2)
(6611,3)
(6612,4)
(6613,2)
(6614,4)
(6615,4)
(6616,2)
(6617,2)
(6618,2)
(6619,1)
(6620,2)
(6621,2)
(6622,1)
(6623,0)
(6624,2)
(6625,0)
(6626,2)
(6627,3)
(6628,2)
(6629,2)
(6630,2)
(6631,0)
(6632,0)
(6633,2)
(6634,3)
(6635,2)
(6636,4)
(6637,2)
(6638,0)
(6639,2)
(6640,2)
(6641,2)
(6642,1)
(6643,4)
(6644,2)
(6645,4)
(6646,4)
(6647,1)
(6648,2)
(6649,2)
(6650,2)
(6651,4)
(6652,0)
(6653,2)
(6654,0)
(6655,1)
(6656,3)
(6657,2)
(6658,2)
(6659,0)
(6660,2)
(6661,2)
(6662,2)
(6663,2)
(6664,3)
(6665,2)
(6666,3)
(6667,2)
(6668,2)
(6669,2)
(6670,2)
(6671,2)
(6672,2)
(6673,2)
(6674,2)
(6675,4)
(6676,1)
(6677,4)
(6678,1)
(6679,1)
(6680,0)
(6681,2)
(6682,2)
(6683,2)
(6684,3)
(6685,4)
(6686,0)
(6687,1)
(6688,4)
(6689,0)
(6690,2)
(6691,2)
(6692,3)
(6693,2)
(6694,4)
(6695,4)
(6696,2)
(6697,4)
(6698,0)
(6699,3)
(6700,2)
(6701,0)
(6702,1)
(6703,4)
(6704,0)
(6705,1)
(6706,2)
(6707,2)
(6708,1)
(6709,3)
(6710,2)
(6711,3)
(6712,4)
(6713,2)
(6714,0)
(6715,0)
(6716,2)
(6717,4)
(6718,0)
(6719,4)
(6720,4)
(6721,3)
(6722,3)
(6723,3)
(6724,0)
(6725,2)
(6726,4)
(6727,1)
(6728,2)
(6729,0)
(6730,4)
(6731,2)
(6732,0)
(6733,4)
(6734,2)
(6735,2)
(6736,4)
(6737,0)
(6738,0)
(6739,0)
(6740,3)
(6741,0)
(6742,4)
(6743,2)
(6744,2)
(6745,0)
(6746,0)
(6747,4)
(6748,2)
(6749,2)
(6750,2)
(6751,0)
(6752,2)
(6753,4)
(6754,2)
(6755,2)
(6756,0)
(6757,0)
(6758,4)
(6759,1)
(6760,2)
(6761,3)
(6762,4)
(6763,2)
(6764,4)
(6765,2)
(6766,3)
(6767,0)
(6768,1)
(6769,4)
(6770,2)
(6771,2)
(6772,0)
(6773,3)
(6774,1)
(6775,2)
(6776,4)
(6777,2)
(6778,2)
(6779,2)
(6780,0)
(6781,4)
(6782,2)
(6783,2)
(6784,2)
(6785,4)
(6786,4)
(6787,4)
(6788,0)
(6789,2)
(6790,2)
(6791,2)
(6792,2)
(6793,0)
(6794,0)
(6795,2)
(6796,0)
(6797,0)
(6798,2)
(6799,2)
(6800,2)
(6801,4)
(6802,3)
(6803,0)
(6804,0)
(6805,2)
(6806,2)
(6807,4)
(6808,4)
(6809,4)
(6810,4)
(6811,2)
(6812,2)
(6813,2)
(6814,2)
(6815,2)
(6816,4)
(6817,0)
(6818,0)
(6819,4)
(6820,2)
(6821,2)
(6822,2)
(6823,2)
(6824,4)
(6825,1)
(6826,2)
(6827,4)
(6828,2)
(6829,3)
(6830,4)
(6831,2)
(6832,4)
(6833,2)
(6834,4)
(6835,2)
(6836,2)
(6837,4)
(6838,1)
(6839,0)
(6840,4)
(6841,2)
(6842,2)
(6843,0)
(6844,2)
(6845,2)
(6846,2)
(6847,2)
(6848,0)
(6849,2)
(6850,2)
(6851,1)
(6852,4)
(6853,1)
(6854,3)
(6855,4)
(6856,4)
(6857,2)
(6858,2)
(6859,0)
(6860,0)
(6861,2)
(6862,2)
(6863,0)
(6864,2)
(6865,3)
(6866,2)
(6867,2)
(6868,3)
(6869,4)
(6870,2)
(6871,3)
(6872,4)
(6873,2)
(6874,4)
(6875,0)
(6876,0)
(6877,0)
(6878,4)
(6879,4)
(6880,2)
(6881,2)
(6882,2)
(6883,4)
(6884,2)
(6885,2)
(6886,3)
(6887,2)
(6888,0)
(6889,4)
(6890,2)
(6891,4)
(6892,2)
(6893,0)
(6894,2)
(6895,2)
(6896,2)
(6897,4)
(6898,2)
(6899,2)
(6900,2)
(6901,4)
(6902,4)
(6903,2)
(6904,2)
(6905,4)
(6906,0)
(6907,2)
(6908,4)
(6909,2)
(6910,0)
(6911,3)
(6912,2)
(6913,2)
(6914,2)
(6915,2)
(6916,4)
(6917,2)
(6918,3)
(6919,2)
(6920,2)
(6921,1)
(6922,0)
(6923,2)
(6924,2)
(6925,0)
(6926,0)
(6927,2)
(6928,0)
(6929,2)
(6930,4)
(6931,4)
(6932,2)
(6933,4)
(6934,0)
(6935,0)
(6936,2)
(6937,3)
(6938,2)
(6939,4)
(6940,4)
(6941,2)
(6942,0)
(6943,2)
(6944,4)
(6945,0)
(6946,4)
(6947,2)
(6948,4)
(6949,2)
(6950,4)
(6951,2)
(6952,1)
(6953,4)
(6954,2)
(6955,2)
(6956,0)
(6957,2)
(6958,4)
(6959,2)
(6960,0)
(6961,0)
(6962,4)
(6963,0)
(6964,0)
(6965,0)
(6966,2)
(6967,4)
(6968,2)
(6969,2)
(6970,4)
(6971,2)
(6972,0)
(6973,2)
(6974,2)
(6975,2)
(6976,2)
(6977,4)
(6978,2)
(6979,0)
(6980,2)
(6981,2)
(6982,4)
(6983,0)
(6984,4)
(6985,2)
(6986,4)
(6987,2)
(6988,2)
(6989,2)
(6990,2)
(6991,4)
(6992,2)
(6993,0)
(6994,4)
(6995,4)
(6996,2)
(6997,4)
(6998,2)
(6999,4)
(7000,4)
(7001,4)
(7002,4)
(7003,2)
(7004,0)
(7005,2)
(7006,2)
(7007,4)
(7008,2)
(7009,2)
(7010,2)
(7011,0)
(7012,1)
(7013,4)
(7014,2)
(7015,2)
(7016,4)
(7017,2)
(7018,2)
(7019,4)
(7020,2)
(7021,2)
(7022,0)
(7023,3)
(7024,4)
(7025,2)
(7026,2)
(7027,2)
(7028,4)
(7029,2)
(7030,2)
(7031,2)
(7032,4)
(7033,4)
(7034,0)
(7035,2)
(7036,0)
(7037,0)
(7038,2)
(7039,4)
(7040,2)
(7041,2)
(7042,4)
(7043,0)
(7044,1)
(7045,2)
(7046,2)
(7047,1)
(7048,2)
(7049,2)
(7050,2)
(7051,2)
(7052,3)
(7053,4)
(7054,2)
(7055,0)
(7056,2)
(7057,2)
(7058,2)
(7059,2)
(7060,0)
(7061,0)
(7062,2)
(7063,4)
(7064,0)
(7065,0)
(7066,2)
(7067,4)
(7068,2)
(7069,2)
(7070,0)
(7071,2)
(7072,4)
(7073,0)
(7074,4)
(7075,4)
(7076,4)
(7077,4)
(7078,4)
(7079,2)
(7080,2)
(7081,2)
(7082,2)
(7083,0)
(7084,1)
(7085,0)
(7086,2)
(7087,1)
(7088,2)
(7089,2)
(7090,0)
(7091,2)
(7092,3)
(7093,4)
(7094,4)
(7095,2)
(7096,0)
(7097,2)
(7098,4)
(7099,2)
(7100,2)
(7101,4)
(7102,0)
(7103,2)
(7104,1)
(7105,2)
(7106,1)
(7107,2)
(7108,2)
(7109,2)
(7110,4)
(7111,4)
(7112,4)
(7113,2)
(7114,2)
(7115,0)
(7116,2)
(7117,4)
(7118,0)
(7119,4)
(7120,4)
(7121,4)
(7122,2)
(7123,4)
(7124,2)
(7125,0)
(7126,2)
(7127,4)
(7128,3)
(7129,0)
(7130,4)
(7131,2)
(7132,0)
(7133,4)
(7134,0)
(7135,0)
(7136,4)
(7137,0)
(7138,2)
(7139,2)
(7140,2)
(7141,0)
(7142,4)
(7143,2)
(7144,4)
(7145,0)
(7146,2)
(7147,4)
(7148,0)
(7149,2)
(7150,4)
(7151,2)
(7152,1)
(7153,2)
(7154,2)
(7155,4)
(7156,0)
(7157,2)
(7158,4)
(7159,4)
(7160,2)
(7161,2)
(7162,2)
(7163,2)
(7164,4)
(7165,3)
(7166,2)
(7167,0)
(7168,0)
(7169,4)
(7170,2)
(7171,4)
(7172,2)
(7173,4)
(7174,2)
(7175,0)
(7176,2)
(7177,2)
(7178,0)
(7179,4)
(7180,0)
(7181,4)
(7182,4)
(7183,2)
(7184,4)
(7185,4)
(7186,4)
(7187,4)
(7188,2)
(7189,4)
(7190,2)
(7191,3)
(7192,0)
(7193,4)
(7194,0)
(7195,2)
(7196,3)
(7197,4)
(7198,0)
(7199,0)
(7200,4)
(7201,1)
(7202,4)
(7203,2)
(7204,2)
(7205,0)
(7206,0)
(7207,0)
(7208,2)
(7209,2)
(7210,0)
(7211,0)
(7212,2)
(7213,4)
(7214,2)
(7215,2)
(7216,4)
(7217,4)
(7218,2)
(7219,2)
(7220,2)
(7221,2)
(7222,2)
(7223,4)
(7224,4)
(7225,4)
(7226,2)
(7227,2)
(7228,4)
(7229,0)
(7230,2)
(7231,2)
(7232,3)
(7233,4)
(7234,0)
(7235,4)
(7236,4)
(7237,1)
(7238,4)
(7239,4)
(7240,2)
(7241,4)
(7242,0)
(7243,2)
(7244,4)
(7245,0)
(7246,2)
(7247,2)
(7248,0)
(7249,2)
(7250,2)
(7251,0)
(7252,2)
(7253,2)
(7254,2)
(7255,2)
(7256,3)
(7257,4)
(7258,0)
(7259,2)
(7260,2)
(7261,4)
(7262,4)
(7263,1)
(7264,2)
(7265,2)
(7266,3)
(7267,2)
(7268,4)
(7269,3)
(7270,2)
(7271,2)
(7272,2)
(7273,4)
(7274,2)
(7275,2)
(7276,2)
(7277,1)
(7278,1)
(7279,2)
(7280,2)
(7281,0)
(7282,1)
(7283,2)
(7284,2)
(7285,2)
(7286,2)
(7287,4)
(7288,2)
(7289,1)
(7290,4)
(7291,2)
(7292,2)
(7293,4)
(7294,2)
(7295,2)
(7296,1)
(7297,2)
(7298,2)
(7299,2)
(7300,3)
(7301,2)
(7302,2)
(7303,4)
(7304,2)
(7305,3)
(7306,4)
(7307,4)
(7308,2)
(7309,0)
(7310,2)
(7311,4)
(7312,4)
(7313,2)
(7314,2)
(7315,0)
(7316,4)
(7317,4)
(7318,3)
(7319,4)
(7320,2)
(7321,2)
(7322,2)
(7323,0)
(7324,2)
(7325,4)
(7326,4)
(7327,4)
(7328,2)
(7329,4)
(7330,0)
(7331,2)
(7332,2)
(7333,4)
(7334,2)
(7335,1)
(7336,4)
(7337,3)
(7338,2)
(7339,4)
(7340,0)
(7341,0)
(7342,0)
(7343,2)
(7344,1)
(7345,0)
(7346,2)
(7347,1)
(7348,4)
(7349,2)
(7350,4)
(7351,4)
(7352,2)
(7353,2)
(7354,2)
(7355,2)
(7356,0)
(7357,0)
(7358,3)
(7359,2)
(7360,2)
(7361,2)
(7362,2)
(7363,2)
(7364,0)
(7365,4)
(7366,0)
(7367,2)
(7368,4)
(7369,2)
(7370,0)
(7371,0)
(7372,4)
(7373,0)
(7374,2)
(7375,4)
(7376,3)
(7377,2)
(7378,4)
(7379,4)
(7380,4)
(7381,2)
(7382,4)
(7383,2)
(7384,2)
(7385,4)
(7386,4)
(7387,4)
(7388,4)
(7389,2)
(7390,0)
(7391,1)
(7392,2)
(7393,1)
(7394,0)
(7395,2)
(7396,3)
(7397,2)
(7398,2)
(7399,0)
(7400,2)
(7401,2)
(7402,2)
(7403,4)
(7404,4)
(7405,2)
(7406,2)
(7407,3)
(7408,3)
(7409,1)
(7410,2)
(7411,2)
(7412,0)
(7413,2)
(7414,2)
(7415,2)
(7416,2)
(7417,0)
(7418,3)
(7419,0)
(7420,4)
(7421,2)
(7422,2)
(7423,4)
(7424,2)
(7425,2)
(7426,2)
(7427,4)
(7428,3)
(7429,2)
(7430,1)
(7431,3)
(7432,0)
(7433,4)
(7434,3)
(7435,2)
(7436,2)
(7437,2)
(7438,3)
(7439,2)
(7440,2)
(7441,0)
(7442,3)
(7443,2)
(7444,3)
(7445,1)
(7446,2)
(7447,2)
(7448,4)
(7449,2)
(7450,3)
(7451,0)
(7452,0)
(7453,2)
(7454,2)
(7455,2)
(7456,2)
(7457,2)
(7458,0)
(7459,1)
(7460,2)
(7461,2)
(7462,4)
(7463,2)
(7464,4)
(7465,3)
(7466,0)
(7467,3)
(7468,2)
(7469,4)
(7470,0)
(7471,4)
(7472,0)
(7473,1)
(7474,3)
(7475,2)
(7476,2)
(7477,2)
(7478,2)
(7479,0)
(7480,2)
(7481,4)
(7482,2)
(7483,4)
(7484,1)
(7485,2)
(7486,0)
(7487,2)
(7488,2)
(7489,4)
(7490,4)
(7491,4)
(7492,1)
(7493,0)
(7494,3)
(7495,4)
(7496,4)
(7497,1)
(7498,2)
(7499,0)
(7500,0)
(7501,4)
(7502,0)
(7503,2)
(7504,0)
(7505,1)
(7506,0)
(7507,0)
(7508,3)
(7509,4)
(7510,4)
(7511,4)
(7512,0)
(7513,0)
(7514,4)
(7515,4)
(7516,2)
(7517,4)
(7518,1)
(7519,3)
(7520,0)
(7521,4)
(7522,3)
(7523,2)
(7524,2)
(7525,3)
(7526,2)
(7527,4)
(7528,0)
(7529,0)
(7530,2)
(7531,2)
(7532,0)
(7533,4)
(7534,4)
(7535,0)
(7536,4)
(7537,0)
(7538,4)
(7539,2)
(7540,4)
(7541,3)
(7542,4)
(7543,3)
(7544,2)
(7545,4)
(7546,1)
(7547,2)
(7548,0)
(7549,0)
(7550,2)
(7551,3)
(7552,4)
(7553,2)
(7554,0)
(7555,2)
(7556,0)
(7557,4)
(7558,2)
(7559,0)
(7560,0)
(7561,2)
(7562,2)
(7563,2)
(7564,4)
(7565,4)
(7566,0)
(7567,0)
(7568,4)
(7569,3)
(7570,4)
(7571,4)
(7572,2)
(7573,0)
(7574,0)
(7575,2)
(7576,3)
(7577,4)
(7578,0)
(7579,4)
(7580,4)
(7581,2)
(7582,2)
(7583,2)
(7584,2)
(7585,2)
(7586,2)
(7587,2)
(7588,2)
(7589,2)
(7590,0)
(7591,4)
(7592,2)
(7593,2)
(7594,2)
(7595,4)
(7596,0)
(7597,4)
(7598,0)
(7599,2)
(7600,2)
(7601,4)
(7602,4)
(7603,0)
(7604,2)
(7605,2)
(7606,0)
(7607,2)
(7608,4)
(7609,2)
(7610,2)
(7611,1)
(7612,4)
(7613,3)
(7614,2)
(7615,2)
(7616,0)
(7617,2)
(7618,4)
(7619,4)
(7620,4)
(7621,4)
(7622,1)
(7623,4)
(7624,2)
(7625,2)
(7626,2)
(7627,3)
(7628,4)
(7629,3)
(7630,0)
(7631,2)
(7632,2)
(7633,2)
(7634,4)
(7635,2)
(7636,2)
(7637,0)
(7638,2)
(7639,2)
(7640,0)
(7641,2)
(7642,4)
(7643,2)
(7644,2)
(7645,1)
(7646,1)
(7647,2)
(7648,4)
(7649,4)
(7650,2)
(7651,2)
(7652,2)
(7653,4)
(7654,4)
(7655,2)
(7656,2)
(7657,0)
(7658,2)
(7659,3)
(7660,0)
(7661,0)
(7662,4)
(7663,4)
(7664,0)
(7665,4)
(7666,4)
(7667,0)
(7668,4)
(7669,4)
(7670,2)
(7671,2)
(7672,4)
(7673,2)
(7674,2)
(7675,4)
(7676,0)
(7677,4)
(7678,2)
(7679,0)
(7680,4)
(7681,4)
(7682,4)
(7683,4)
(7684,4)
(7685,1)
(7686,2)
(7687,4)
(7688,4)
(7689,2)
(7690,2)
(7691,2)
(7692,4)
(7693,4)
(7694,3)
(7695,2)
(7696,1)
(7697,2)
(7698,3)
(7699,2)
(7700,4)
(7701,2)
(7702,4)
(7703,4)
(7704,1)
(7705,4)
(7706,1)
(7707,2)
(7708,4)
(7709,4)
(7710,2)
(7711,4)
(7712,2)
(7713,4)
(7714,3)
(7715,0)
(7716,2)
(7717,4)
(7718,3)
(7719,1)
(7720,1)
(7721,2)
(7722,2)
(7723,2)
(7724,2)
(7725,2)
(7726,4)
(7727,0)
(7728,0)
(7729,2)
(7730,0)
(7731,0)
(7732,2)
(7733,0)
(7734,0)
(7735,4)
(7736,0)
(7737,4)
(7738,4)
(7739,4)
(7740,2)
(7741,3)
(7742,4)
(7743,2)
(7744,2)
(7745,3)
(7746,2)
(7747,2)
(7748,4)
(7749,1)
(7750,4)
(7751,4)
(7752,2)
(7753,2)
(7754,2)
(7755,4)
(7756,4)
(7757,0)
(7758,2)
(7759,2)
(7760,0)
(7761,4)
(7762,4)
(7763,4)
(7764,2)
(7765,2)
(7766,2)
(7767,1)
(7768,2)
(7769,2)
(7770,4)
(7771,1)
(7772,2)
(7773,2)
(7774,2)
(7775,0)
(7776,2)
(7777,2)
(7778,2)
(7779,0)
(7780,4)
(7781,0)
(7782,4)
(7783,2)
(7784,4)
(7785,0)
(7786,2)
(7787,2)
(7788,2)
(7789,4)
(7790,0)
(7791,0)
(7792,2)
(7793,2)
(7794,2)
(7795,2)
(7796,4)
(7797,0)
(7798,0)
(7799,2)
(7800,0)
(7801,2)
(7802,1)
(7803,1)
(7804,0)
(7805,2)
(7806,1)
(7807,0)
(7808,4)
(7809,2)
(7810,2)
(7811,4)
(7812,0)
(7813,4)
(7814,0)
(7815,4)
(7816,2)
(7817,0)
(7818,2)
(7819,2)
(7820,2)
(7821,3)
(7822,2)
(7823,2)
(7824,0)
(7825,1)
(7826,2)
(7827,4)
(7828,2)
(7829,2)
(7830,2)
(7831,4)
(7832,4)
(7833,0)
(7834,2)
(7835,0)
(7836,4)
(7837,4)
(7838,2)
(7839,4)
(7840,2)
(7841,4)
(7842,3)
(7843,2)
(7844,1)
(7845,2)
(7846,0)
(7847,4)
(7848,2)
(7849,2)
(7850,2)
(7851,4)
(7852,3)
(7853,0)
(7854,4)
(7855,3)
(7856,2)
(7857,0)
(7858,0)
(7859,0)
(7860,2)
(7861,2)
(7862,0)
(7863,2)
(7864,0)
(7865,2)
(7866,0)
(7867,2)
(7868,1)
(7869,0)
(7870,2)
(7871,4)
(7872,2)
(7873,0)
(7874,2)
(7875,4)
(7876,2)
(7877,2)
(7878,2)
(7879,0)
(7880,1)
(7881,2)
(7882,2)
(7883,4)
(7884,4)
(7885,4)
(7886,2)
(7887,2)
(7888,2)
(7889,0)
(7890,2)
(7891,4)
(7892,3)
(7893,2)
(7894,3)
(7895,0)
(7896,4)
(7897,3)
(7898,2)
(7899,2)
(7900,0)
(7901,4)
(7902,0)
(7903,4)
(7904,2)
(7905,2)
(7906,1)
(7907,4)
(7908,4)
(7909,2)
(7910,2)
(7911,2)
(7912,0)
(7913,2)
(7914,2)
(7915,2)
(7916,2)
(7917,2)
(7918,2)
(7919,0)
(7920,0)
(7921,2)
(7922,2)
(7923,0)
(7924,2)
(7925,2)
(7926,2)
(7927,1)
(7928,2)
(7929,0)
(7930,2)
(7931,1)
(7932,2)
(7933,2)
(7934,4)
(7935,2)
(7936,4)
(7937,4)
(7938,0)
(7939,4)
(7940,2)
(7941,2)
(7942,0)
(7943,2)
(7944,2)
(7945,1)
(7946,2)
(7947,0)
(7948,2)
(7949,2)
(7950,2)
(7951,2)
(7952,2)
(7953,0)
(7954,4)
(7955,2)
(7956,2)
(7957,2)
(7958,2)
(7959,2)
(7960,2)
(7961,0)
(7962,1)
(7963,2)
(7964,4)
(7965,0)
(7966,2)
(7967,4)
(7968,4)
(7969,4)
(7970,2)
(7971,0)
(7972,4)
(7973,3)
(7974,4)
(7975,2)
(7976,2)
(7977,4)
(7978,2)
(7979,2)
(7980,4)
(7981,3)
(7982,2)
(7983,3)
(7984,2)
(7985,4)
(7986,2)
(7987,1)
(7988,2)
(7989,4)
(7990,0)
(7991,4)
(7992,4)
(7993,2)
(7994,0)
(7995,4)
(7996,3)
(7997,2)
(7998,0)
(7999,4)
(8000,0)
(8001,2)
(8002,3)
(8003,4)
(8004,2)
(8005,0)
(8006,0)
(8007,2)
(8008,4)
(8009,0)
(8010,2)
(8011,0)
(8012,0)
(8013,4)
(8014,2)
(8015,4)
(8016,2)
(8017,2)
(8018,4)
(8019,2)
(8020,4)
(8021,4)
(8022,1)
(8023,2)
(8024,3)
(8025,3)
(8026,4)
(8027,4)
(8028,2)
(8029,4)
(8030,4)
(8031,4)
(8032,2)
(8033,2)
(8034,0)
(8035,4)
(8036,0)
(8037,2)
(8038,2)
(8039,1)
(8040,2)
(8041,2)
(8042,0)
(8043,1)
(8044,4)
(8045,4)
(8046,0)
(8047,2)
(8048,0)
(8049,4)
(8050,2)
(8051,2)
(8052,0)
(8053,2)
(8054,4)
(8055,2)
(8056,3)
(8057,1)
(8058,2)
(8059,0)
(8060,2)
(8061,4)
(8062,4)
(8063,1)
(8064,1)
(8065,2)
(8066,1)
(8067,0)
(8068,2)
(8069,2)
(8070,3)
(8071,2)
(8072,2)
(8073,0)
(8074,2)
(8075,3)
(8076,2)
(8077,0)
(8078,1)
(8079,2)
(8080,4)
(8081,0)
(8082,2)
(8083,2)
(8084,2)
(8085,4)
(8086,2)
(8087,2)
(8088,1)
(8089,4)
(8090,2)
(8091,4)
(8092,0)
(8093,0)
(8094,0)
(8095,2)
(8096,2)
(8097,1)
(8098,4)
(8099,2)
(8100,2)
(8101,2)
(8102,2)
(8103,2)
(8104,0)
(8105,2)
(8106,1)
(8107,2)
(8108,0)
(8109,2)
(8110,2)
(8111,2)
(8112,2)
(8113,4)
(8114,1)
(8115,0)
(8116,4)
(8117,4)
(8118,2)
(8119,2)
(8120,4)
(8121,4)
(8122,2)
(8123,2)
(8124,0)
(8125,1)
(8126,2)
(8127,2)
(8128,4)
(8129,2)
(8130,0)
(8131,4)
(8132,4)
(8133,4)
(8134,4)
(8135,4)
(8136,1)
(8137,2)
(8138,0)
(8139,3)
(8140,4)
(8141,2)
(8142,2)
(8143,2)
(8144,0)
(8145,2)
(8146,2)
(8147,0)
(8148,2)
(8149,2)
(8150,2)
(8151,4)
(8152,1)
(8153,4)
(8154,2)
(8155,4)
(8156,0)
(8157,4)
(8158,4)
(8159,4)
(8160,2)
(8161,2)
(8162,1)
(8163,2)
(8164,4)
(8165,2)
(8166,0)
(8167,0)
(8168,2)
(8169,4)
(8170,0)
(8171,0)
(8172,0)
(8173,1)
(8174,1)
(8175,3)
(8176,2)
(8177,0)
(8178,4)
(8179,0)
(8180,4)
(8181,2)
(8182,2)
(8183,4)
(8184,2)
(8185,4)
(8186,4)
(8187,4)
(8188,3)
(8189,2)
(8190,2)
(8191,2)
(8192,4)
(8193,2)
(8194,2)
(8195,2)
(8196,2)
(8197,0)
(8198,2)
(8199,2)
(8200,4)
(8201,4)
(8202,4)
(8203,0)
(8204,4)
(8205,0)
(8206,2)
(8207,3)
(8208,0)
(8209,2)
(8210,1)
(8211,2)
(8212,4)
(8213,3)
(8214,0)
(8215,4)
(8216,2)
(8217,4)
(8218,4)
(8219,0)
(8220,2)
(8221,2)
(8222,2)
(8223,4)
(8224,0)
(8225,0)
(8226,0)
(8227,1)
(8228,0)
(8229,4)
(8230,2)
(8231,2)
(8232,0)
(8233,4)
(8234,0)
(8235,4)
(8236,2)
(8237,2)
(8238,2)
(8239,0)
(8240,4)
(8241,0)
(8242,4)
(8243,4)
(8244,4)
(8245,2)
(8246,4)
(8247,4)
(8248,3)
(8249,0)
(8250,4)
(8251,1)
(8252,3)
(8253,3)
(8254,2)
(8255,4)
(8256,2)
(8257,2)
(8258,4)
(8259,2)
(8260,2)
(8261,0)
(8262,2)
(8263,1)
(8264,3)
(8265,4)
(8266,4)
(8267,0)
(8268,3)
(8269,4)
(8270,4)
(8271,4)
(8272,1)
(8273,0)
(8274,2)
(8275,2)
(8276,4)
(8277,2)
(8278,1)
(8279,2)
(8280,2)
(8281,2)
(8282,4)
(8283,2)
(8284,4)
(8285,1)
(8286,2)
(8287,4)
(8288,3)
(8289,4)
(8290,4)
(8291,1)
(8292,2)
(8293,2)
(8294,4)
(8295,2)
(8296,4)
(8297,4)
(8298,0)
(8299,4)
(8300,0)
(8301,4)
(8302,4)
(8303,2)
(8304,2)
(8305,2)
(8306,2)
(8307,2)
(8308,3)
(8309,2)
(8310,4)
(8311,4)
(8312,0)
(8313,2)
(8314,2)
(8315,2)
(8316,4)
(8317,4)
(8318,4)
(8319,4)
(8320,2)
(8321,4)
(8322,0)
(8323,2)
(8324,2)
(8325,3)
(8326,2)
(8327,0)
(8328,2)
(8329,0)
(8330,1)
(8331,0)
(8332,0)
(8333,2)
(8334,2)
(8335,0)
(8336,2)
(8337,1)
(8338,0)
(8339,3)
(8340,4)
(8341,2)
(8342,0)
(8343,2)
(8344,2)
(8345,2)
(8346,4)
(8347,0)
(8348,4)
(8349,4)
(8350,0)
(8351,4)
(8352,1)
(8353,4)
(8354,4)
(8355,2)
(8356,0)
(8357,3)
(8358,2)
(8359,4)
(8360,2)
(8361,3)
(8362,2)
(8363,4)
(8364,2)
(8365,3)
(8366,2)
(8367,0)
(8368,2)
(8369,1)
(8370,2)
(8371,4)
(8372,2)
(8373,4)
(8374,0)
(8375,2)
(8376,2)
(8377,2)
(8378,2)
(8379,2)
(8380,4)
(8381,1)
(8382,2)
(8383,0)
(8384,4)
(8385,4)
(8386,4)
(8387,4)
(8388,0)
(8389,0)
(8390,0)
(8391,4)
(8392,0)
(8393,2)
(8394,1)
(8395,1)
(8396,2)
(8397,0)
(8398,1)
(8399,4)
(8400,4)
(8401,2)
(8402,2)
(8403,2)
(8404,2)
(8405,2)
(8406,0)
(8407,4)
(8408,2)
(8409,4)
(8410,1)
(8411,0)
(8412,2)
(8413,2)
(8414,2)
(8415,4)
(8416,4)
(8417,2)
(8418,2)
(8419,2)
(8420,4)
(8421,2)
(8422,4)
(8423,0)
(8424,2)
(8425,0)
(8426,2)
(8427,4)
(8428,2)
(8429,4)
(8430,3)
(8431,2)
(8432,2)
(8433,2)
(8434,4)
(8435,2)
(8436,4)
(8437,1)
(8438,0)
(8439,2)
(8440,0)
(8441,4)
(8442,0)
(8443,3)
(8444,0)
(8445,2)
(8446,4)
(8447,4)
(8448,0)
(8449,4)
(8450,0)
(8451,2)
(8452,0)
(8453,4)
(8454,2)
(8455,3)
(8456,4)
(8457,2)
(8458,2)
(8459,4)
(8460,2)
(8461,2)
(8462,1)
(8463,0)
(8464,2)
(8465,2)
(8466,4)
(8467,2)
(8468,0)
(8469,2)
(8470,4)
(8471,2)
(8472,4)
(8473,4)
(8474,2)
(8475,2)
(8476,4)
(8477,2)
(8478,2)
(8479,0)
(8480,4)
(8481,0)
(8482,4)
(8483,0)
(8484,2)
(8485,2)
(8486,2)
(8487,0)
(8488,2)
(8489,0)
(8490,0)
(8491,2)
(8492,1)
(8493,2)
(8494,4)
(8495,4)
(8496,0)
(8497,0)
(8498,4)
(8499,2)
(8500,4)
(8501,2)
(8502,3)
(8503,2)
(8504,2)
(8505,0)
(8506,0)
(8507,4)
(8508,3)
(8509,4)
(8510,4)
(8511,3)
(8512,4)
(8513,2)
(8514,2)
(8515,2)
(8516,3)
(8517,3)
(8518,2)
(8519,4)
(8520,0)
(8521,2)
(8522,2)
(8523,2)
(8524,3)
(8525,2)
(8526,2)
(8527,4)
(8528,4)
(8529,4)
(8530,2)
(8531,2)
(8532,0)
(8533,4)
(8534,0)
(8535,2)
(8536,1)
(8537,1)
(8538,2)
(8539,0)
(8540,4)
(8541,0)
(8542,0)
(8543,2)
(8544,0)
(8545,2)
(8546,0)
(8547,4)
(8548,4)
(8549,2)
(8550,1)
(8551,4)
(8552,2)
(8553,4)
(8554,2)
(8555,0)
(8556,4)
(8557,4)
(8558,4)
(8559,2)
(8560,0)
(8561,4)
(8562,2)
(8563,2)
(8564,2)
(8565,4)
(8566,2)
(8567,4)
(8568,3)
(8569,3)
(8570,4)
(8571,2)
(8572,0)
(8573,2)
(8574,3)
(8575,0)
(8576,2)
(8577,2)
(8578,2)
(8579,4)
(8580,2)
(8581,2)
(8582,0)
(8583,0)
(8584,2)
(8585,4)
(8586,1)
(8587,2)
(8588,4)
(8589,2)
(8590,2)
(8591,0)
(8592,3)
(8593,2)
(8594,4)
(8595,1)
(8596,1)
(8597,4)
(8598,4)
(8599,2)
(8600,2)
(8601,0)
(8602,0)
(8603,2)
(8604,2)
(8605,0)
(8606,0)
(8607,2)
(8608,1)
(8609,2)
(8610,2)
(8611,2)
(8612,2)
(8613,4)
(8614,1)
(8615,2)
(8616,3)
(8617,4)
(8618,0)
(8619,4)
(8620,0)
(8621,4)
(8622,2)
(8623,4)
(8624,4)
(8625,2)
(8626,2)
(8627,2)
(8628,4)
(8629,2)
(8630,2)
(8631,3)
(8632,4)
(8633,4)
(8634,4)
(8635,4)
(8636,2)
(8637,3)
(8638,2)
(8639,1)
(8640,3)
(8641,1)
(8642,4)
(8643,0)
(8644,2)
(8645,0)
(8646,2)
(8647,4)
(8648,0)
(8649,0)
(8650,4)
(8651,2)
(8652,0)
(8653,2)
(8654,0)
(8655,0)
(8656,3)
(8657,1)
(8658,3)
(8659,2)
(8660,2)
(8661,2)
(8662,0)
(8663,0)
(8664,1)
(8665,4)
(8666,3)
(8667,4)
(8668,4)
(8669,2)
(8670,2)
(8671,0)
(8672,1)
(8673,2)
(8674,0)
(8675,2)
(8676,2)
(8677,2)
(8678,2)
(8679,3)
(8680,2)
(8681,0)
(8682,1)
(8683,2)
(8684,0)
(8685,2)
(8686,0)
(8687,0)
(8688,2)
(8689,1)
(8690,0)
(8691,2)
(8692,3)
(8693,0)
(8694,2)
(8695,4)
(8696,0)
(8697,4)
(8698,0)
(8699,4)
(8700,0)
(8701,2)
(8702,4)
(8703,2)
(8704,4)
(8705,2)
(8706,4)
(8707,2)
(8708,2)
(8709,2)
(8710,2)
(8711,3)
(8712,2)
(8713,2)
(8714,4)
(8715,2)
(8716,0)
(8717,0)
(8718,4)
(8719,0)
(8720,4)
(8721,2)
(8722,2)
(8723,1)
(8724,2)
(8725,3)
(8726,4)
(8727,0)
(8728,2)
(8729,2)
(8730,3)
(8731,2)
(8732,2)
(8733,0)
(8734,4)
(8735,0)
(8736,4)
(8737,1)
(8738,0)
(8739,4)
(8740,2)
(8741,2)
(8742,0)
(8743,2)
(8744,3)
(8745,4)
(8746,3)
(8747,2)
(8748,0)
(8749,2)
(8750,2)
(8751,3)
(8752,0)
(8753,4)
(8754,3)
(8755,0)
(8756,2)
(8757,1)
(8758,2)
(8759,2)
(8760,2)
(8761,0)
(8762,2)
(8763,2)
(8764,2)
(8765,4)
(8766,4)
(8767,2)
(8768,4)
(8769,0)
(8770,2)
(8771,3)
(8772,4)
(8773,4)
(8774,3)
(8775,2)
(8776,4)
(8777,0)
(8778,2)
(8779,2)
(8780,4)
(8781,0)
(8782,2)
(8783,2)
(8784,0)
(8785,2)
(8786,2)
(8787,0)
(8788,0)
(8789,2)
(8790,2)
(8791,1)
(8792,2)
(8793,0)
(8794,4)
(8795,4)
(8796,0)
(8797,3)
(8798,2)
(8799,1)
(8800,2)
(8801,4)
(8802,2)
(8803,0)
(8804,3)
(8805,2)
(8806,1)
(8807,4)
(8808,0)
(8809,2)
(8810,4)
(8811,4)
(8812,1)
(8813,3)
(8814,4)
(8815,4)
(8816,2)
(8817,2)
(8818,2)
(8819,2)
(8820,2)
(8821,1)
(8822,4)
(8823,3)
(8824,0)
(8825,2)
(8826,4)
(8827,2)
(8828,4)
(8829,1)
(8830,4)
(8831,2)
(8832,2)
(8833,4)
(8834,4)
(8835,4)
(8836,0)
(8837,4)
(8838,4)
(8839,0)
(8840,2)
(8841,2)
(8842,0)
(8843,2)
(8844,0)
(8845,0)
(8846,4)
(8847,4)
(8848,0)
(8849,0)
(8850,0)
(8851,2)
(8852,2)
(8853,4)
(8854,2)
(8855,2)
(8856,0)
(8857,2)
(8858,0)
(8859,4)
(8860,2)
(8861,0)
(8862,3)
(8863,0)
(8864,2)
(8865,2)
(8866,4)
(8867,2)
(8868,2)
(8869,4)
(8870,2)
(8871,4)
(8872,2)
(8873,2)
(8874,0)
(8875,2)
(8876,1)
(8877,2)
(8878,1)
(8879,2)
(8880,2)
(8881,2)
(8882,2)
(8883,2)
(8884,4)
(8885,1)
(8886,2)
(8887,0)
(8888,4)
(8889,2)
(8890,0)
(8891,2)
(8892,4)
(8893,2)
(8894,2)
(8895,2)
(8896,0)
(8897,2)
(8898,2)
(8899,0)
(8900,0)
(8901,2)
(8902,2)
(8903,4)
(8904,2)
(8905,0)
(8906,4)
(8907,0)
(8908,2)
(8909,2)
(8910,4)
(8911,3)
(8912,2)
(8913,0)
(8914,2)
(8915,2)
(8916,0)
(8917,4)
(8918,0)
(8919,2)
(8920,0)
(8921,2)
(8922,0)
(8923,0)
(8924,3)
(8925,2)
(8926,4)
(8927,2)
(8928,4)
(8929,0)
(8930,4)
(8931,2)
(8932,3)
(8933,2)
(8934,4)
(8935,4)
(8936,2)
(8937,0)
(8938,4)
(8939,2)
(8940,3)
(8941,4)
(8942,2)
(8943,2)
(8944,2)
(8945,4)
(8946,3)
(8947,2)
(8948,3)
(8949,1)
(8950,0)
(8951,2)
(8952,4)
(8953,0)
(8954,4)
(8955,4)
(8956,2)
(8957,2)
(8958,0)
(8959,4)
(8960,3)
(8961,0)
(8962,2)
(8963,0)
(8964,4)
(8965,4)
(8966,4)
(8967,2)
(8968,1)
(8969,2)
(8970,0)
(8971,0)
(8972,2)
(8973,2)
(8974,4)
(8975,1)
(8976,2)
(8977,4)
(8978,4)
(8979,3)
(8980,3)
(8981,2)
(8982,2)
(8983,2)
(8984,1)
(8985,0)
(8986,2)
(8987,2)
(8988,0)
(8989,1)
(8990,2)
(8991,1)
(8992,2)
(8993,0)
(8994,4)
(8995,1)
(8996,2)
(8997,4)
(8998,0)
(8999,2)
(9000,4)
(9001,2)
(9002,0)
(9003,2)
(9004,4)
(9005,4)
(9006,1)
(9007,2)
(9008,2)
(9009,2)
(9010,2)
(9011,2)
(9012,3)
(9013,2)
(9014,4)
(9015,2)
(9016,4)
(9017,2)
(9018,3)
(9019,2)
(9020,1)
(9021,3)
(9022,3)
(9023,4)
(9024,2)
(9025,4)
(9026,0)
(9027,2)
(9028,2)
(9029,0)
(9030,1)
(9031,4)
(9032,4)
(9033,4)
(9034,4)
(9035,0)
(9036,2)
(9037,2)
(9038,0)
(9039,4)
(9040,0)
(9041,2)
(9042,4)
(9043,2)
(9044,0)
(9045,2)
(9046,2)
(9047,1)
(9048,2)
(9049,0)
(9050,2)
(9051,0)
(9052,0)
(9053,3)
(9054,2)
(9055,0)
(9056,2)
(9057,1)
(9058,0)
(9059,2)
(9060,2)
(9061,4)
(9062,2)
(9063,0)
(9064,2)
(9065,4)
(9066,2)
(9067,2)
(9068,4)
(9069,4)
(9070,4)
(9071,2)
(9072,2)
(9073,4)
(9074,2)
(9075,4)
(9076,4)
(9077,2)
(9078,4)
(9079,0)
(9080,0)
(9081,2)
(9082,1)
(9083,2)
(9084,4)
(9085,3)
(9086,2)
(9087,2)
(9088,2)
(9089,1)
(9090,2)
(9091,0)
(9092,2)
(9093,2)
(9094,2)
(9095,4)
(9096,4)
(9097,1)
(9098,2)
(9099,4)
(9100,2)
(9101,0)
(9102,4)
(9103,0)
(9104,2)
(9105,2)
(9106,2)
(9107,2)
(9108,0)
(9109,2)
(9110,4)
(9111,4)
(9112,4)
(9113,1)
(9114,4)
(9115,2)
(9116,4)
(9117,4)
(9118,0)
(9119,0)
(9120,2)
(9121,3)
(9122,4)
(9123,4)
(9124,2)
(9125,4)
(9126,2)
(9127,0)
(9128,1)
(9129,2)
(9130,4)
(9131,4)
(9132,4)
(9133,3)
(9134,4)
(9135,0)
(9136,4)
(9137,2)
(9138,3)
(9139,0)
(9140,0)
(9141,2)
(9142,4)
(9143,2)
(9144,4)
(9145,3)
(9146,3)
(9147,4)
(9148,4)
(9149,2)
(9150,2)
(9151,4)
(9152,4)
(9153,2)
(9154,4)
(9155,2)
(9156,4)
(9157,2)
(9158,2)
(9159,2)
(9160,3)
(9161,4)
(9162,2)
(9163,4)
(9164,2)
(9165,4)
(9166,0)
(9167,2)
(9168,2)
(9169,4)
(9170,2)
(9171,3)
(9172,3)
(9173,4)
(9174,2)
(9175,2)
(9176,0)
(9177,2)
(9178,0)
(9179,2)
(9180,4)
(9181,2)
(9182,3)
(9183,2)
(9184,2)
(9185,1)
(9186,0)
(9187,3)
(9188,2)
(9189,2)
(9190,2)
(9191,2)
(9192,2)
(9193,2)
(9194,2)
(9195,4)
(9196,2)
(9197,0)
(9198,0)
(9199,2)
(9200,4)
(9201,3)
(9202,2)
(9203,2)
(9204,4)
(9205,0)
(9206,4)
(9207,2)
(9208,4)
(9209,2)
(9210,4)
(9211,0)
(9212,2)
(9213,1)
(9214,3)
(9215,4)
(9216,4)
(9217,2)
(9218,0)
(9219,2)
(9220,1)
(9221,4)
(9222,0)
(9223,4)
(9224,2)
(9225,0)
(9226,0)
(9227,4)
(9228,2)
(9229,2)
(9230,2)
(9231,0)
(9232,4)
(9233,2)
(9234,0)
(9235,4)
(9236,0)
(9237,2)
(9238,2)
(9239,1)
(9240,2)
(9241,2)
(9242,1)
(9243,4)
(9244,4)
(9245,4)
(9246,2)
(9247,2)
(9248,0)
(9249,1)
(9250,2)
(9251,4)
(9252,4)
(9253,2)
(9254,4)
(9255,1)
(9256,3)
(9257,4)
(9258,4)
(9259,2)
(9260,2)
(9261,0)
(9262,2)
(9263,2)
(9264,0)
(9265,4)
(9266,4)
(9267,0)
(9268,2)
(9269,2)
(9270,2)
(9271,0)
(9272,0)
(9273,0)
(9274,4)
(9275,1)
(9276,4)
(9277,2)
(9278,4)
(9279,2)
(9280,2)
(9281,2)
(9282,4)
(9283,4)
(9284,2)
(9285,2)
(9286,2)
(9287,2)
(9288,4)
(9289,2)
(9290,0)
(9291,4)
(9292,1)
(9293,2)
(9294,2)
(9295,1)
(9296,2)
(9297,2)
(9298,2)
(9299,2)
(9300,4)
(9301,4)
(9302,2)
(9303,1)
(9304,1)
(9305,3)
(9306,0)
(9307,2)
(9308,0)
(9309,2)
(9310,0)
(9311,2)
(9312,2)
(9313,2)
(9314,2)
(9315,0)
(9316,2)
(9317,2)
(9318,2)
(9319,3)
(9320,0)
(9321,4)
(9322,4)
(9323,2)
(9324,2)
(9325,4)
(9326,4)
(9327,0)
(9328,0)
(9329,0)
(9330,2)
(9331,3)
(9332,0)
(9333,2)
(9334,3)
(9335,1)
(9336,4)
(9337,0)
(9338,4)
(9339,0)
(9340,3)
(9341,2)
(9342,4)
(9343,4)
(9344,4)
(9345,0)
(9346,0)
(9347,0)
(9348,3)
(9349,2)
(9350,2)
(9351,2)
(9352,3)
(9353,2)
(9354,2)
(9355,4)
(9356,2)
(9357,2)
(9358,4)
(9359,2)
(9360,4)
(9361,3)
(9362,2)
(9363,3)
(9364,4)
(9365,2)
(9366,2)
(9367,4)
(9368,1)
(9369,2)
(9370,2)
(9371,2)
(9372,4)
(9373,3)
(9374,1)
(9375,0)
(9376,4)
(9377,0)
(9378,0)
(9379,2)
(9380,2)
(9381,2)
(9382,3)
(9383,4)
(9384,0)
(9385,3)
(9386,4)
(9387,2)
(9388,2)
(9389,2)
(9390,4)
(9391,2)
(9392,1)
(9393,2)
(9394,4)
(9395,2)
(9396,4)
(9397,1)
(9398,2)
(9399,4)
(9400,2)
(9401,4)
(9402,4)
(9403,2)
(9404,2)
(9405,2)
(9406,3)
(9407,2)
(9408,4)
(9409,2)
(9410,1)
(9411,2)
(9412,2)
(9413,2)
(9414,0)
(9415,3)
(9416,0)
(9417,4)
(9418,4)
(9419,0)
(9420,2)
(9421,2)
(9422,2)
(9423,2)
(9424,2)
(9425,2)
(9426,2)
(9427,4)
(9428,2)
(9429,3)
(9430,2)
(9431,2)
(9432,1)
(9433,1)
(9434,2)
(9435,0)
(9436,1)
(9437,1)
(9438,3)
(9439,0)
(9440,0)
(9441,4)
(9442,2)
(9443,4)
(9444,0)
(9445,2)
(9446,3)
(9447,2)
(9448,1)
(9449,2)
(9450,2)
(9451,0)
(9452,2)
(9453,2)
(9454,1)
(9455,4)
(9456,4)
(9457,0)
(9458,2)
(9459,0)
(9460,4)
(9461,2)
(9462,2)
(9463,4)
(9464,0)
(9465,2)
(9466,2)
(9467,0)
(9468,4)
(9469,3)
(9470,4)
(9471,2)
(9472,2)
(9473,2)
(9474,2)
(9475,4)
(9476,2)
(9477,2)
(9478,2)
(9479,2)
(9480,0)
(9481,2)
(9482,2)
(9483,2)
(9484,4)
(9485,2)
(9486,2)
(9487,4)
(9488,1)
(9489,2)
(9490,0)
(9491,0)
(9492,2)
(9493,2)
(9494,2)
(9495,2)
(9496,3)
(9497,0)
(9498,0)
(9499,2)
(9500,2)
(9501,4)
(9502,2)
(9503,2)
(9504,4)
(9505,4)
(9506,4)
(9507,2)
(9508,0)
(9509,4)
(9510,3)
(9511,4)
(9512,2)
(9513,0)
(9514,0)
(9515,4)
(9516,2)
(9517,2)
(9518,4)
(9519,2)
(9520,4)
(9521,0)
(9522,2)
(9523,0)
(9524,1)
(9525,0)
(9526,2)
(9527,0)
(9528,0)
(9529,3)
(9530,4)
(9531,0)
(9532,4)
(9533,4)
(9534,2)
(9535,3)
(9536,4)
(9537,2)
(9538,2)
(9539,2)
(9540,2)
(9541,2)
(9542,4)
(9543,4)
(9544,2)
(9545,2)
(9546,4)
(9547,2)
(9548,2)
(9549,0)
(9550,0)
(9551,1)
(9552,4)
(9553,2)
(9554,3)
(9555,2)
(9556,4)
(9557,0)
(9558,4)
(9559,4)
(9560,0)
(9561,3)
(9562,2)
(9563,4)
(9564,2)
(9565,2)
(9566,3)
(9567,2)
(9568,4)
(9569,4)
(9570,2)
(9571,2)
(9572,1)
(9573,3)
(9574,0)
(9575,2)
(9576,2)
(9577,4)
(9578,0)
(9579,4)
(9580,2)
(9581,2)
(9582,2)
(9583,4)
(9584,4)
(9585,4)
(9586,2)
(9587,4)
(9588,0)
(9589,3)
(9590,2)
(9591,3)
(9592,2)
(9593,2)
(9594,2)
(9595,1)
(9596,2)
(9597,3)
(9598,4)
(9599,2)
(9600,0)
(9601,2)
(9602,0)
(9603,4)
(9604,4)
(9605,1)
(9606,0)
(9607,1)
(9608,2)
(9609,4)
(9610,4)
(9611,2)
(9612,2)
(9613,2)
(9614,0)
(9615,2)
(9616,0)
(9617,2)
(9618,0)
(9619,0)
(9620,0)
(9621,0)
(9622,3)
(9623,2)
(9624,2)
(9625,4)
(9626,4)
(9627,2)
(9628,0)
(9629,4)
(9630,2)
(9631,2)
(9632,2)
(9633,2)
(9634,0)
(9635,4)
(9636,2)
(9637,4)
(9638,3)
(9639,0)
(9640,4)
(9641,2)
(9642,2)
(9643,2)
(9644,2)
(9645,2)
(9646,4)
(9647,4)
(9648,4)
(9649,4)
(9650,2)
(9651,4)
(9652,2)
(9653,0)
(9654,4)
(9655,4)
(9656,2)
(9657,2)
(9658,1)
(9659,0)
(9660,2)
(9661,0)
(9662,3)
(9663,4)
(9664,0)
(9665,2)
(9666,2)
(9667,2)
(9668,2)
(9669,2)
(9670,0)
(9671,2)
(9672,2)
(9673,2)
(9674,2)
(9675,3)
(9676,0)
(9677,2)
(9678,0)
(9679,4)
(9680,4)
(9681,4)
(9682,0)
(9683,1)
(9684,2)
(9685,4)
(9686,2)
(9687,2)
(9688,0)
(9689,2)
(9690,3)
(9691,2)
(9692,2)
(9693,0)
(9694,2)
(9695,2)
(9696,0)
(9697,3)
(9698,2)
(9699,4)
(9700,1)
(9701,2)
(9702,2)
(9703,4)
(9704,4)
(9705,2)
(9706,2)
(9707,0)
(9708,2)
(9709,4)
(9710,0)
(9711,2)
(9712,4)
(9713,0)
(9714,1)
(9715,4)
(9716,2)
(9717,2)
(9718,0)
(9719,4)
(9720,2)
(9721,3)
(9722,0)
(9723,2)
(9724,2)
(9725,0)
(9726,1)
(9727,0)
(9728,0)
(9729,2)
(9730,2)
(9731,4)
(9732,4)
(9733,2)
(9734,0)
(9735,2)
(9736,2)
(9737,4)
(9738,4)
(9739,2)
(9740,4)
(9741,4)
(9742,2)
(9743,4)
(9744,0)
(9745,4)
(9746,4)
(9747,4)
(9748,4)
(9749,2)
(9750,0)
(9751,2)
(9752,4)
(9753,1)
(9754,2)
(9755,4)
(9756,4)
(9757,0)
(9758,2)
(9759,4)
(9760,0)
(9761,2)
(9762,2)
(9763,2)
(9764,4)
(9765,2)
(9766,2)
(9767,2)
(9768,2)
(9769,3)
(9770,0)
(9771,2)
(9772,0)
(9773,2)
(9774,4)
(9775,3)
(9776,2)
(9777,2)
(9778,4)
(9779,4)
(9780,2)
(9781,2)
(9782,3)
(9783,2)
(9784,2)
(9785,0)
(9786,0)
(9787,2)
(9788,1)
(9789,4)
(9790,2)
(9791,0)
(9792,0)
(9793,2)
(9794,4)
(9795,4)
(9796,4)
(9797,2)
(9798,2)
(9799,2)
(9800,0)
(9801,4)
(9802,2)
(9803,1)
(9804,2)
(9805,2)
(9806,2)
(9807,4)
(9808,4)
(9809,0)
(9810,4)
(9811,0)
(9812,4)
(9813,2)
(9814,2)
(9815,2)
(9816,2)
(9817,2)
(9818,2)
(9819,2)
(9820,4)
(9821,1)
(9822,4)
(9823,0)
(9824,2)
(9825,4)
(9826,4)
(9827,4)
(9828,2)
(9829,2)
(9830,0)
(9831,4)
(9832,4)
(9833,2)
(9834,2)
(9835,4)
(9836,4)
(9837,2)
(9838,3)
(9839,2)
(9840,2)
(9841,2)
(9842,0)
(9843,4)
(9844,2)
(9845,4)
(9846,2)
(9847,2)
(9848,0)
(9849,2)
(9850,3)
(9851,0)
(9852,4)
(9853,3)
(9854,4)
(9855,2)
(9856,3)
(9857,2)
(9858,4)
(9859,3)
(9860,0)
(9861,2)
(9862,4)
(9863,0)
(9864,0)
(9865,1)
(9866,3)
(9867,4)
(9868,4)
(9869,2)
(9870,2)
(9871,2)
(9872,3)
(9873,3)
(9874,2)
(9875,2)
(9876,2)
(9877,2)
(9878,2)
(9879,0)
(9880,0)
(9881,3)
(9882,4)
(9883,3)
(9884,2)
(9885,2)
(9886,2)
(9887,2)
(9888,2)
(9889,2)
(9890,4)
(9891,2)
(9892,4)
(9893,4)
(9894,4)
(9895,0)
(9896,4)
(9897,0)
(9898,4)
(9899,1)
(9900,4)
(9901,1)
(9902,2)
(9903,2)
(9904,4)
(9905,4)
(9906,2)
(9907,4)
(9908,0)
(9909,4)
(9910,1)
(9911,4)
(9912,2)
(9913,4)
(9914,2)
(9915,2)
(9916,2)
(9917,2)
(9918,2)
(9919,4)
(9920,2)
(9921,2)
(9922,0)
(9923,2)
(9924,0)
(9925,2)
(9926,2)
(9927,4)
(9928,4)
(9929,2)
(9930,2)
(9931,4)
(9932,2)
(9933,3)
(9934,2)
(9935,2)
(9936,1)
(9937,1)
(9938,4)
(9939,3)
(9940,2)
(9941,0)
(9942,4)
(9943,3)
(9944,3)
(9945,4)
(9946,3)
(9947,0)
(9948,4)
(9949,0)
(9950,0)
(9951,2)
(9952,4)
(9953,4)
(9954,3)
(9955,2)
(9956,1)
(9957,4)
(9958,1)
(9959,4)
(9960,4)
(9961,4)
(9962,4)
(9963,4)
(9964,0)
(9965,0)
(9966,4)
(9967,2)
(9968,2)
(9969,4)
(9970,0)
(9971,0)
(9972,2)
(9973,1)
(9974,4)
(9975,4)
(9976,2)
(9977,4)
(9978,2)
(9979,2)
(9980,1)
(9981,2)
(9982,2)
(9983,2)
(9984,2)
(9985,3)
(9986,4)
(9987,0)
(9988,3)
(9989,4)
(9990,4)
(9991,0)
(9992,3)
(9993,4)
(9994,3)
(9995,0)
(9996,2)
(9997,2)
(9998,4)
(9999,0)
